0 0.344792 0.543519 0.050000 0.268519
0 0.558333 0.498148 0.019792 0.101852
0 0.575781 0.500926 0.017188 0.105556
0 0.665365 0.460185 0.017188 0.092593
0 0.533333 0.461111 0.020833 0.103704
0 0.580729 0.456481 0.019792 0.100000
0 0.493490 0.455556 0.022396 0.105556
0 0.303385 0.560648 0.061979 0.300926
0 0.386719 0.523148 0.041146 0.200000
0 0.824740 0.455093 0.025521 0.115741
0 0.289062 0.548611 0.046875 0.262037
0 0.283594 0.473611 0.018229 0.086111
0 0.265885 0.469907 0.015104 0.095370
0 0.254427 0.478241 0.016146 0.093519
0 0.228646 0.463889 0.019792 0.077778
0 0.315625 0.483796 0.020833 0.125000
0 0.378646 0.506019 0.037500 0.180556
0 0.552604 0.456019 0.016667 0.071296
0 0.357292 0.480556 0.019792 0.116667
0 0.322917 0.460648 0.013542 0.067593
0 0.302344 0.454167 0.011979 0.067593
0 0.325260 0.456944 0.011979 0.069444
0 0.307292 0.411574 0.010417 0.039815
0 0.314583 0.411111 0.009375 0.038889
0 0.539062 0.449537 0.012500 0.063889
0 0.398698 0.460185 0.017188 0.088889
