0 0.423438 0.564815 0.059375 0.324074
0 0.557552 0.498148 0.020313 0.101852
0 0.576042 0.500463 0.018750 0.104630
0 0.622396 0.460648 0.019792 0.091667
0 0.529687 0.457870 0.018750 0.091667
0 0.578906 0.455093 0.020313 0.100926
0 0.511719 0.458796 0.018229 0.104630
0 0.332813 0.610648 0.107292 0.439815
0 0.480990 0.546759 0.063021 0.267593
0 0.363021 0.580093 0.060417 0.332407
0 0.253385 0.480556 0.016146 0.100000
0 0.272135 0.470833 0.018229 0.097222
0 0.261979 0.471759 0.015625 0.095370
0 0.225000 0.481481 0.029167 0.094444
0 0.252865 0.462500 0.016146 0.076852
0 0.311979 0.489815 0.022917 0.133333
0 0.504948 0.522685 0.038021 0.239815
0 0.603125 0.462500 0.016667 0.082407
0 0.479427 0.468056 0.019271 0.119444
0 0.308333 0.449537 0.010417 0.056481
0 0.317969 0.456944 0.013021 0.062037
0 0.303906 0.458796 0.010937 0.062037
0 0.293490 0.454167 0.013021 0.067593
0 0.315625 0.453241 0.011458 0.062037
0 0.277344 0.454167 0.015104 0.062037
0 0.496875 0.452778 0.015625 0.088889
0 0.309896 0.411574 0.010417 0.039815
0 0.315625 0.411111 0.009375 0.038889
0 0.503906 0.453704 0.011979 0.066667
0 0.288021 0.445370 0.011458 0.050000
