0 0.566927 0.599074 0.083854 0.422222
0 0.557552 0.498611 0.020313 0.097222
0 0.575521 0.500000 0.020833 0.103704
0 0.593750 0.461574 0.019792 0.091667
0 0.513802 0.451389 0.014063 0.071296
0 0.581771 0.454167 0.019792 0.100926
0 0.518750 0.468056 0.018750 0.104630
0 0.559896 0.669444 0.079167 0.590741
0 0.842187 0.600000 0.123958 0.401852
0 0.487760 0.625926 0.088021 0.455556
0 0.210417 0.481944 0.021875 0.102778
0 0.273958 0.471296 0.016667 0.100000
0 0.240625 0.472685 0.015625 0.097222
0 0.224740 0.481481 0.024479 0.094444
0 0.219271 0.466204 0.015625 0.076852
0 0.402344 0.501852 0.035937 0.185185
0 0.816406 0.561574 0.088021 0.358333
0 0.785417 0.526852 0.073958 0.279630
0 0.717187 0.458796 0.026042 0.099074
0 0.612500 0.463889 0.025000 0.100000
0 0.433333 0.450000 0.011458 0.064815
0 0.421875 0.449074 0.013542 0.070370
0 0.329688 0.453241 0.010417 0.054630
0 0.345052 0.450926 0.011979 0.055556
0 0.267969 0.466667 0.011979 0.074074
0 0.308073 0.454167 0.010937 0.056481
0 0.297917 0.454630 0.016667 0.055556
0 0.295052 0.449537 0.009896 0.056481
0 0.316406 0.450000 0.011979 0.051852
0 0.307292 0.450000 0.011458 0.059259
0 0.283073 0.450463 0.010937 0.054630
0 0.531771 0.457870 0.015625 0.075000
0 0.315104 0.426389 0.010417 0.039815
