0 0.418750 0.562963 0.058333 0.320370
0 0.557552 0.498148 0.020313 0.101852
0 0.576042 0.500463 0.018750 0.104630
0 0.625521 0.460648 0.019792 0.091667
0 0.530208 0.457870 0.018750 0.091667
0 0.578385 0.455093 0.020313 0.100926
0 0.510938 0.458796 0.018750 0.104630
0 0.326042 0.608796 0.093750 0.436111
0 0.471094 0.545833 0.053646 0.265741
0 0.359115 0.577778 0.061979 0.327778
0 0.253385 0.480556 0.016146 0.100000
0 0.271615 0.470370 0.018229 0.098148
0 0.261458 0.471759 0.015625 0.095370
0 0.223958 0.481481 0.031250 0.094444
0 0.252865 0.462500 0.016146 0.076852
0 0.312760 0.489815 0.023438 0.133333
0 0.500521 0.523148 0.039583 0.235185
0 0.601042 0.461574 0.016667 0.082407
0 0.472135 0.466204 0.019271 0.115741
0 0.307812 0.449537 0.010417 0.056481
0 0.318229 0.456944 0.013542 0.062037
0 0.304427 0.458796 0.010937 0.062037
0 0.294010 0.454167 0.013021 0.067593
0 0.316146 0.453704 0.011458 0.062963
0 0.277604 0.453704 0.015625 0.062963
0 0.495052 0.452315 0.016146 0.087963
0 0.309896 0.410648 0.010417 0.039815
0 0.315625 0.411111 0.009375 0.038889
0 0.504427 0.452778 0.011979 0.066667
0 0.288542 0.445370 0.011458 0.050000
