0 0.591927 0.466667 0.020313 0.138889
0 0.567448 0.470370 0.021354 0.114815
0 0.524740 0.457407 0.019271 0.092593
0 0.528906 0.461574 0.020313 0.093519
0 0.479167 0.462500 0.017708 0.091667
0 0.934635 0.686574 0.129688 0.625000
0 0.211198 0.481019 0.024479 0.104630
0 0.230208 0.472222 0.015625 0.096296
0 0.228385 0.473148 0.015104 0.100000
0 0.227865 0.480556 0.022396 0.092593
0 0.230729 0.461574 0.017708 0.076852
0 0.571615 0.514352 0.055729 0.263889
0 0.621094 0.513426 0.043229 0.228704
0 0.638802 0.534259 0.065104 0.253704
0 0.528906 0.512500 0.054688 0.225000
0 0.340625 0.468981 0.017708 0.099074
0 0.661458 0.459722 0.022917 0.102778
0 0.354948 0.466667 0.019271 0.094444
0 0.385937 0.462963 0.020833 0.094444
0 0.314063 0.461574 0.017708 0.076852
0 0.296094 0.463889 0.014063 0.074074
0 0.237240 0.462963 0.010937 0.066667
0 0.285156 0.448611 0.009896 0.052778
0 0.289844 0.460185 0.013021 0.068519
0 0.310156 0.429167 0.009896 0.041667
0 0.310417 0.437500 0.009375 0.041667
0 0.297396 0.422222 0.006250 0.027778
0 0.303385 0.418519 0.006771 0.029630
0 0.411198 0.443519 0.014063 0.051852
0 0.551823 0.456481 0.016146 0.085185
