0 0.781250 0.636111 0.096875 0.525926
0 0.589323 0.473148 0.019271 0.144444
0 0.581510 0.484722 0.028646 0.130556
0 0.498958 0.448611 0.014583 0.069444
0 0.540104 0.461111 0.019792 0.100000
0 0.516406 0.459259 0.018229 0.090741
0 0.849219 0.671296 0.133854 0.655556
0 0.721354 0.670833 0.093750 0.562037
0 0.211979 0.481019 0.026042 0.104630
0 0.229948 0.472222 0.017188 0.100000
0 0.227604 0.473148 0.015625 0.100000
0 0.227344 0.480093 0.022396 0.093519
0 0.227865 0.462500 0.017188 0.076852
0 0.473438 0.516667 0.043750 0.277778
0 0.542188 0.517593 0.048958 0.224074
0 0.493229 0.542130 0.071875 0.263889
0 0.391667 0.524074 0.038542 0.250000
0 0.945833 0.606019 0.107292 0.463889
0 0.378646 0.473611 0.021875 0.119444
0 0.622396 0.454630 0.017708 0.077778
0 0.585938 0.460185 0.016667 0.087037
0 0.571875 0.457407 0.017708 0.090741
0 0.340365 0.463889 0.016146 0.083333
0 0.384896 0.457407 0.014583 0.081481
0 0.305208 0.458796 0.016667 0.073148
0 0.287500 0.460648 0.014583 0.069444
0 0.244792 0.460185 0.012500 0.068519
0 0.284635 0.457407 0.009896 0.061111
0 0.309896 0.449537 0.009375 0.045370
0 0.307812 0.440741 0.009375 0.044444
0 0.311719 0.443981 0.009896 0.045370
0 0.296615 0.430556 0.006771 0.029630
0 0.302865 0.427778 0.006771 0.029630
0 0.567187 0.461111 0.017708 0.088889
