0 0.818229 0.568519 0.120833 0.375926
0 0.329167 0.535185 0.045833 0.248148
0 0.859635 0.569907 0.101562 0.336111
0 0.558854 0.498148 0.018750 0.101852
0 0.576042 0.500926 0.016667 0.105556
0 0.663281 0.460185 0.017188 0.092593
0 0.538542 0.458333 0.020833 0.107407
0 0.582292 0.457407 0.019792 0.100000
0 0.496354 0.455556 0.021875 0.105556
0 0.265625 0.544444 0.064583 0.266667
0 0.352865 0.514815 0.034896 0.177778
0 0.750260 0.463426 0.026562 0.119444
0 0.808854 0.460648 0.027083 0.113889
0 0.275781 0.541204 0.046354 0.230556
0 0.294010 0.472222 0.018229 0.087037
0 0.228125 0.463889 0.020833 0.077778
0 0.311719 0.484259 0.018229 0.124074
0 0.525000 0.456019 0.016667 0.071296
0 0.342969 0.481944 0.020313 0.123148
0 0.306250 0.417130 0.010417 0.039815
0 0.314583 0.413889 0.009375 0.038889
0 0.542188 0.447222 0.012500 0.062963
0 0.364583 0.456944 0.017708 0.078704
