0 0.590625 0.614352 0.092708 0.441667
0 0.557813 0.497685 0.020833 0.097222
0 0.575781 0.500000 0.021354 0.103704
0 0.508594 0.450926 0.014063 0.070370
0 0.582292 0.455093 0.019792 0.100926
0 0.524740 0.465741 0.018229 0.103704
0 0.594792 0.652315 0.106250 0.563889
0 0.952344 0.630556 0.094271 0.481481
0 0.504167 0.632870 0.075000 0.486111
0 0.209635 0.480556 0.022396 0.101852
0 0.268229 0.471296 0.023958 0.100000
0 0.233854 0.472222 0.015625 0.100000
0 0.225000 0.481481 0.023958 0.094444
0 0.220052 0.465278 0.016146 0.076852
0 0.067708 0.582407 0.123958 0.418519
0 0.441927 0.508796 0.036979 0.200926
0 0.914323 0.580093 0.104688 0.406481
0 0.677865 0.516204 0.043229 0.245370
0 0.753125 0.458333 0.023958 0.101852
0 0.635156 0.461574 0.024479 0.097222
0 0.458333 0.449074 0.011458 0.064815
0 0.434896 0.447222 0.013542 0.070370
0 0.334635 0.453704 0.010937 0.057407
0 0.358073 0.450000 0.011979 0.055556
0 0.270833 0.464352 0.015625 0.073148
0 0.307552 0.452778 0.010937 0.053704
0 0.295833 0.452778 0.009375 0.053704
0 0.296094 0.449074 0.009896 0.055556
0 0.316667 0.449074 0.011458 0.050000
0 0.307552 0.447685 0.010937 0.054630
0 0.286198 0.451389 0.010937 0.056481
0 0.534635 0.457407 0.015104 0.072222
0 0.593229 0.461574 0.019792 0.091667
