0 0.620052 0.609259 0.084896 0.488889
0 0.570833 0.487963 0.021875 0.116667
0 0.575781 0.499537 0.022396 0.102778
0 0.495833 0.449074 0.013542 0.066667
0 0.583854 0.455093 0.019792 0.102778
0 0.524219 0.461574 0.018229 0.097222
0 0.617969 0.655093 0.116146 0.560185
0 0.542708 0.629167 0.067708 0.476852
0 0.209896 0.481481 0.027083 0.103704
0 0.252083 0.470833 0.017708 0.100926
0 0.228125 0.472222 0.015625 0.100000
0 0.225781 0.481019 0.022396 0.095370
0 0.223438 0.464352 0.016667 0.076852
0 0.339323 0.537500 0.061979 0.321296
0 0.244010 0.542130 0.082812 0.275000
0 0.202604 0.577315 0.083333 0.317593
0 0.092188 0.571759 0.093750 0.332407
0 0.580990 0.526389 0.045312 0.250926
0 0.494531 0.489815 0.030729 0.168519
0 0.659635 0.457407 0.018229 0.088889
0 0.507292 0.456481 0.011458 0.072222
0 0.491667 0.450926 0.013542 0.070370
0 0.332292 0.455556 0.014583 0.066667
0 0.377083 0.450926 0.013542 0.062963
0 0.284375 0.453704 0.012500 0.062963
0 0.274479 0.456019 0.012500 0.062037
0 0.263281 0.462037 0.013021 0.075926
0 0.281250 0.450463 0.009375 0.049074
0 0.308854 0.449074 0.010417 0.048148
0 0.300000 0.450926 0.009375 0.051852
0 0.315365 0.446759 0.009896 0.049074
0 0.310417 0.445370 0.010417 0.050000
0 0.291667 0.449074 0.009375 0.051852
0 0.535937 0.453704 0.013542 0.068519
0 0.586719 0.462037 0.018229 0.092593
