0 0.735677 0.637500 0.053646 0.223148
0 0.227344 0.440278 0.044271 0.215741
0 0.074740 0.623611 0.043229 0.230556
0 0.916406 0.519907 0.039062 0.193519
0 0.645052 0.953704 0.040104 0.090741
0 0.354167 0.820833 0.052083 0.232407
0 0.429688 0.218519 0.031250 0.161111
0 0.980990 0.333333 0.036979 0.177778
0 0.788281 0.132407 0.027604 0.135185
0 0.828646 0.289352 0.027083 0.162037
0 0.790885 0.292593 0.030729 0.179630
0 0.486979 0.265741 0.038542 0.161111
0 0.544271 0.235648 0.039583 0.165741
0 0.105469 0.427315 0.034896 0.176852
0 0.108073 0.404630 0.033854 0.194444
0 0.463542 0.224537 0.030208 0.167593
0 0.484896 0.229630 0.026042 0.151852
0 0.552083 0.019444 0.023958 0.038889
0 0.531771 0.020370 0.021875 0.040741
0 0.731510 0.280556 0.022396 0.155556
0 0.708073 0.244907 0.027604 0.154630
0 0.380469 0.073148 0.027604 0.146296
0 0.295312 0.041204 0.017708 0.082407
0 0.017969 0.843056 0.035937 0.221296
0 0.270052 0.237500 0.027604 0.163889
0 0.278385 0.247685 0.048438 0.178704
0 0.244792 0.116204 0.027083 0.149074
0 0.222135 0.126852 0.026562 0.150000
0 0.292448 0.136574 0.022396 0.154630
0 0.267708 0.112963 0.027083 0.148148
0 0.199219 0.179167 0.027604 0.163889
0 0.228125 0.157870 0.027083 0.141667
0 0.160938 0.192593 0.027083 0.157407
0 0.191146 0.162500 0.022917 0.158333
0 0.123698 0.194444 0.025521 0.151852
0 0.144531 0.169444 0.023438 0.170370
0 0.148958 0.156944 0.030208 0.156481
0 0.152083 0.142593 0.028125 0.153704
0 0.118229 0.174074 0.020833 0.159259
0 0.486719 0.003704 0.020313 0.007407
0 0.223177 0.950463 0.050521 0.097222
