0 0.756250 0.637500 0.107292 0.517593
0 0.588802 0.473148 0.019271 0.144444
0 0.575521 0.487500 0.019792 0.130556
0 0.493229 0.446759 0.014583 0.063889
0 0.548177 0.459259 0.020313 0.100000
0 0.521615 0.459259 0.018229 0.090741
0 0.786198 0.681019 0.147396 0.636111
0 0.676823 0.662037 0.098437 0.540741
0 0.211719 0.481481 0.026562 0.105556
0 0.229687 0.473611 0.017708 0.100926
0 0.227604 0.473148 0.015625 0.100000
0 0.226823 0.480556 0.022396 0.094444
0 0.227344 0.462500 0.017188 0.076852
0 0.462240 0.517593 0.041146 0.277778
0 0.507292 0.513426 0.057292 0.230556
0 0.453125 0.540741 0.068750 0.266667
0 0.367969 0.524537 0.059896 0.249074
0 0.873437 0.575463 0.081250 0.397222
0 0.394531 0.473611 0.023438 0.121296
0 0.625000 0.455556 0.017708 0.075926
0 0.566406 0.458333 0.018229 0.087037
0 0.557552 0.456481 0.018229 0.087037
0 0.336198 0.460648 0.017188 0.078704
0 0.385937 0.456944 0.014583 0.078704
0 0.303646 0.456481 0.016667 0.072222
0 0.285417 0.459722 0.013542 0.067593
0 0.247135 0.461111 0.014063 0.070370
0 0.283594 0.454630 0.008854 0.057407
0 0.311458 0.449537 0.009375 0.045370
0 0.307812 0.443519 0.009375 0.044444
0 0.311719 0.443981 0.009896 0.045370
0 0.536979 0.451389 0.014583 0.065741
