0 0.844792 0.654630 0.048958 0.214815
0 0.265625 0.049074 0.031250 0.098148
0 0.302344 0.610185 0.048438 0.222222
0 0.914583 0.518981 0.048958 0.193519
0 0.518229 0.932870 0.039583 0.132407
0 0.351042 0.816667 0.036458 0.231481
0 0.433594 0.213426 0.033854 0.156481
0 0.512760 0.024074 0.025521 0.048148
0 0.485938 0.022685 0.027083 0.045370
0 0.333854 0.126852 0.019792 0.131481
0 0.145573 0.316667 0.030729 0.170370
0 0.114844 0.309722 0.036979 0.186111
0 0.605729 0.925463 0.053125 0.147222
0 0.641406 0.931944 0.048438 0.134259
0 0.403125 0.145370 0.021875 0.140741
0 0.413542 0.124537 0.027083 0.160185
0 0.297656 0.041204 0.022396 0.082407
0 0.271094 0.148148 0.023438 0.144444
0 0.151042 0.983796 0.043750 0.030556
0 0.194792 0.956481 0.052083 0.085185
0 0.301302 0.183796 0.029687 0.163889
0 0.157292 0.073611 0.030208 0.145370
0 0.200521 0.183333 0.026042 0.159259
0 0.163021 0.193056 0.025000 0.156481
0 0.199219 0.166204 0.024479 0.158333
0 0.132812 0.198611 0.025000 0.147222
0 0.120052 0.181019 0.026562 0.167593
0 0.151042 0.166204 0.029167 0.162037
0 0.157812 0.143519 0.027083 0.151852
0 0.118229 0.174074 0.020833 0.159259
0 0.468490 0.039352 0.025521 0.078704
0 0.197917 0.368981 0.033333 0.187963
0 0.265885 0.100926 0.031771 0.161111
0 0.819271 0.958796 0.046875 0.080556
0 0.775781 0.970833 0.041146 0.056481
0 0.865625 0.277315 0.039583 0.175000
0 0.811198 0.261574 0.030729 0.165741
0 0.786458 0.071296 0.030208 0.131481
0 0.840365 0.043056 0.027604 0.086111
0 0.799219 0.040278 0.026562 0.080556
0 0.246875 0.157870 0.023958 0.158333
0 0.228125 0.167130 0.023958 0.139815
0 0.192188 0.046296 0.025000 0.092593
0 0.233854 0.058796 0.030208 0.117593
0 0.196875 0.055093 0.027083 0.110185
0 0.239323 0.045833 0.023438 0.091667
