0 0.843490 0.653704 0.046354 0.216667
0 0.258333 0.060185 0.031250 0.120370
0 0.374479 0.634722 0.050000 0.237963
0 0.916146 0.518519 0.040625 0.194444
0 0.540104 0.929167 0.039583 0.139815
0 0.351042 0.816667 0.036458 0.231481
0 0.433073 0.213889 0.030729 0.157407
0 0.520573 0.035185 0.025521 0.070370
0 0.492708 0.034722 0.028125 0.069444
0 0.333333 0.126852 0.020833 0.131481
0 0.131510 0.341204 0.031771 0.175000
0 0.097917 0.328704 0.030208 0.190741
0 0.583073 0.889352 0.063021 0.219444
0 0.620833 0.893519 0.052083 0.211111
0 0.402865 0.145370 0.021354 0.140741
0 0.439583 0.132407 0.025000 0.151852
0 0.297135 0.041204 0.021354 0.082407
0 0.256771 0.177778 0.025000 0.146296
0 0.150781 0.943519 0.043229 0.111111
0 0.182031 0.911574 0.050521 0.175000
0 0.304167 0.184722 0.025000 0.160185
0 0.168490 0.090741 0.029687 0.148148
0 0.200521 0.183333 0.027083 0.161111
0 0.163021 0.193056 0.025000 0.156481
0 0.196094 0.162963 0.025521 0.162963
0 0.125260 0.199537 0.026562 0.147222
0 0.120052 0.179167 0.026562 0.167593
0 0.163281 0.167130 0.027604 0.152778
0 0.157031 0.144444 0.026562 0.148148
0 0.118229 0.174074 0.020833 0.159259
0 0.467708 0.046296 0.026042 0.092593
0 0.210938 0.326852 0.034375 0.177778
0 0.265625 0.136574 0.031250 0.162037
0 0.879687 0.317130 0.040625 0.184259
0 0.826823 0.300926 0.028646 0.170370
0 0.786458 0.070370 0.030208 0.131481
0 0.982552 0.331019 0.033854 0.163889
0 0.870052 0.056481 0.027604 0.112963
0 0.822135 0.054630 0.027604 0.109259
0 0.233854 0.137500 0.022917 0.154630
0 0.209375 0.145370 0.027083 0.138889
0 0.198177 0.032870 0.024479 0.065741
0 0.235677 0.047222 0.028646 0.094444
0 0.202865 0.043056 0.026562 0.086111
0 0.249219 0.035185 0.023438 0.070370
