0 0.883073 0.654167 0.110937 0.550926
0 0.590104 0.471296 0.018750 0.144444
0 0.578385 0.478241 0.024479 0.121296
0 0.510677 0.452315 0.017188 0.080556
0 0.535417 0.463889 0.019792 0.100000
0 0.508073 0.460185 0.018229 0.090741
0 0.953125 0.673611 0.092708 0.650926
0 0.821094 0.685185 0.117188 0.603704
0 0.211719 0.481019 0.025521 0.104630
0 0.229427 0.472685 0.016146 0.099074
0 0.228125 0.473148 0.015625 0.100000
0 0.227865 0.480093 0.022396 0.093519
0 0.229167 0.462500 0.017708 0.076852
0 0.512760 0.517130 0.065104 0.273148
0 0.596094 0.514352 0.042188 0.223148
0 0.563021 0.541204 0.059375 0.256481
0 0.454167 0.518981 0.063542 0.236111
0 0.353385 0.471759 0.020313 0.108333
0 0.623437 0.453241 0.016667 0.080556
0 0.616406 0.461574 0.019271 0.091667
0 0.603646 0.456944 0.018750 0.095370
0 0.347396 0.464352 0.015625 0.087963
0 0.380729 0.458796 0.016667 0.087963
0 0.308594 0.459722 0.018229 0.075000
0 0.290365 0.462037 0.014063 0.070370
0 0.242448 0.461574 0.013021 0.067593
0 0.286198 0.456944 0.009896 0.062037
0 0.308854 0.434722 0.009375 0.043519
0 0.311719 0.443981 0.009896 0.045370
0 0.296094 0.425926 0.006771 0.029630
0 0.302344 0.424074 0.006771 0.029630
0 0.394271 0.445370 0.013542 0.055556
0 0.557031 0.458333 0.017188 0.085185
