0 0.861719 0.653241 0.109896 0.545370
0 0.589844 0.471296 0.019271 0.144444
0 0.579948 0.480093 0.025521 0.123148
0 0.508333 0.451852 0.016667 0.077778
0 0.535417 0.464815 0.019792 0.100000
0 0.508073 0.459259 0.018229 0.090741
0 0.922135 0.668519 0.154688 0.661111
0 0.805208 0.688426 0.096875 0.600926
0 0.211719 0.481019 0.025521 0.104630
0 0.229687 0.472685 0.016667 0.099074
0 0.227865 0.473148 0.015104 0.100000
0 0.227865 0.480093 0.022396 0.093519
0 0.228906 0.462500 0.017188 0.076852
0 0.497917 0.517130 0.043750 0.275000
0 0.590885 0.514352 0.049479 0.223148
0 0.549740 0.541204 0.059896 0.256481
0 0.446875 0.520370 0.064583 0.238889
0 0.358854 0.471759 0.021875 0.108333
0 0.623177 0.453241 0.017188 0.080556
0 0.608854 0.463889 0.020833 0.088889
0 0.596615 0.457407 0.018229 0.094444
0 0.346354 0.463889 0.015625 0.087037
0 0.381510 0.459259 0.016146 0.083333
0 0.307031 0.459722 0.017188 0.075000
0 0.290104 0.462500 0.013542 0.069444
0 0.243490 0.461574 0.013021 0.067593
0 0.286198 0.456481 0.009896 0.061111
0 0.308333 0.435648 0.009375 0.043519
0 0.311719 0.443981 0.009896 0.045370
0 0.295052 0.425926 0.006771 0.029630
0 0.302344 0.424074 0.006771 0.029630
0 0.558594 0.457870 0.017188 0.091667
