0 0.384635 0.554630 0.051562 0.300000
0 0.557813 0.498148 0.019792 0.101852
0 0.575781 0.500463 0.018229 0.104630
0 0.645312 0.458796 0.019792 0.091667
0 0.532292 0.457870 0.018750 0.091667
0 0.578906 0.455556 0.020313 0.100000
0 0.506250 0.456481 0.020833 0.105556
0 0.335677 0.591204 0.073438 0.378704
0 0.441146 0.536574 0.045833 0.241667
0 0.328906 0.570370 0.057813 0.312963
0 0.264062 0.481019 0.018750 0.097222
0 0.268229 0.470370 0.017708 0.096296
0 0.229687 0.480093 0.031250 0.095370
0 0.244271 0.461574 0.017708 0.076852
0 0.320312 0.484722 0.022917 0.126852
0 0.454688 0.510648 0.038542 0.217593
0 0.586458 0.459259 0.016667 0.079630
0 0.424219 0.471296 0.024479 0.116667
0 0.305469 0.448611 0.010937 0.056481
0 0.319792 0.458796 0.013542 0.063889
0 0.297917 0.454630 0.012500 0.068519
0 0.319010 0.454630 0.011979 0.064815
0 0.282813 0.454167 0.015625 0.063889
0 0.309896 0.410648 0.010417 0.039815
0 0.315104 0.411111 0.009375 0.038889
0 0.514844 0.451389 0.011979 0.065741
0 0.502344 0.459722 0.010937 0.039815
0 0.422656 0.456944 0.016146 0.080556
0 0.290885 0.445833 0.010937 0.050926
