0 0.568229 0.602315 0.082292 0.425000
0 0.557813 0.498148 0.020833 0.098148
0 0.575521 0.500000 0.020833 0.103704
0 0.593750 0.461574 0.019792 0.091667
0 0.512240 0.450926 0.014063 0.070370
0 0.581771 0.454167 0.019792 0.100926
0 0.520833 0.467130 0.018750 0.104630
0 0.563281 0.665278 0.078646 0.587963
0 0.861198 0.607870 0.120313 0.421296
0 0.493229 0.626852 0.085417 0.466667
0 0.209896 0.481019 0.021875 0.102778
0 0.273438 0.471296 0.016667 0.100000
0 0.238542 0.472685 0.015625 0.099074
0 0.224740 0.481481 0.024479 0.094444
0 0.219271 0.465278 0.015625 0.076852
0 0.412500 0.505093 0.032292 0.189815
0 0.833073 0.563889 0.099479 0.366667
0 0.758333 0.522685 0.071875 0.267593
0 0.727344 0.460185 0.025521 0.098148
0 0.617448 0.462963 0.024479 0.100000
0 0.440104 0.449074 0.011458 0.064815
0 0.424479 0.448148 0.013542 0.070370
0 0.330990 0.452315 0.009896 0.054630
0 0.349219 0.450926 0.011979 0.055556
0 0.268490 0.466667 0.011979 0.074074
0 0.307292 0.453704 0.011458 0.055556
0 0.298438 0.454167 0.015625 0.054630
0 0.295573 0.449074 0.009896 0.055556
0 0.316406 0.449537 0.011979 0.050926
0 0.307552 0.449074 0.010937 0.057407
0 0.284115 0.450926 0.010937 0.055556
0 0.533073 0.457870 0.015104 0.075000
0 0.315625 0.427315 0.010417 0.039815
