0 0.384896 0.554167 0.052083 0.300926
0 0.557813 0.498148 0.019792 0.101852
0 0.575781 0.500463 0.018229 0.104630
0 0.644792 0.458796 0.019792 0.091667
0 0.532292 0.457870 0.018750 0.091667
0 0.578906 0.455556 0.020313 0.100000
0 0.506510 0.456481 0.020313 0.105556
0 0.335938 0.593056 0.073958 0.380556
0 0.442188 0.536574 0.045833 0.243519
0 0.329427 0.570833 0.057813 0.313889
0 0.263542 0.481019 0.018750 0.097222
0 0.268229 0.470370 0.017708 0.096296
0 0.229167 0.480093 0.031250 0.095370
0 0.245052 0.461574 0.017188 0.076852
0 0.320573 0.484722 0.023438 0.126852
0 0.457292 0.511574 0.040625 0.217593
0 0.586979 0.459259 0.016667 0.079630
0 0.425260 0.470833 0.025521 0.115741
0 0.305469 0.448611 0.010937 0.056481
0 0.319792 0.458796 0.013542 0.063889
0 0.297917 0.454630 0.012500 0.068519
0 0.319010 0.454630 0.011979 0.064815
0 0.282813 0.454167 0.015625 0.063889
0 0.309896 0.410648 0.010417 0.039815
0 0.315104 0.411111 0.009375 0.038889
0 0.513802 0.450463 0.011979 0.065741
0 0.501823 0.459722 0.010937 0.039815
0 0.422917 0.456481 0.016667 0.079630
0 0.290885 0.445833 0.010937 0.050926
