0 0.566667 0.599537 0.084375 0.423148
0 0.557813 0.498148 0.020833 0.098148
0 0.575521 0.500000 0.020833 0.103704
0 0.593750 0.461574 0.019792 0.091667
0 0.513281 0.450926 0.014063 0.070370
0 0.581771 0.454167 0.019792 0.100926
0 0.519271 0.467130 0.018750 0.104630
0 0.560937 0.668519 0.079167 0.590741
0 0.848698 0.602778 0.131771 0.407407
0 0.489063 0.626389 0.087500 0.456481
0 0.209896 0.481019 0.021875 0.102778
0 0.273438 0.471296 0.016667 0.100000
0 0.240104 0.472685 0.015625 0.097222
0 0.224740 0.481481 0.024479 0.094444
0 0.219271 0.465278 0.015625 0.076852
0 0.404948 0.502315 0.034896 0.186111
0 0.823438 0.562037 0.096875 0.361111
0 0.773958 0.525000 0.086458 0.274074
0 0.719271 0.458796 0.028125 0.099074
0 0.613542 0.463889 0.025000 0.100000
0 0.435417 0.450000 0.011458 0.064815
0 0.422396 0.449074 0.013542 0.070370
0 0.330208 0.452315 0.010417 0.054630
0 0.346094 0.450926 0.011979 0.055556
0 0.268490 0.466667 0.011979 0.074074
0 0.307812 0.453704 0.011458 0.055556
0 0.297917 0.454167 0.016667 0.054630
0 0.295052 0.449537 0.009896 0.056481
0 0.316406 0.450000 0.011979 0.051852
0 0.307552 0.449537 0.010937 0.058333
0 0.283073 0.450463 0.010937 0.054630
0 0.532292 0.457870 0.015625 0.075000
0 0.315104 0.426389 0.010417 0.039815
