0 0.738542 0.637500 0.098958 0.513889
0 0.588802 0.474074 0.019271 0.144444
0 0.575521 0.491204 0.019792 0.121296
0 0.490625 0.445833 0.013542 0.062037
0 0.045833 0.676389 0.091667 0.645370
0 0.550260 0.459259 0.020313 0.100000
0 0.523698 0.459259 0.018229 0.090741
0 0.779167 0.681019 0.140625 0.636111
0 0.659115 0.662037 0.086979 0.540741
0 0.211458 0.481481 0.026042 0.105556
0 0.230208 0.473611 0.017708 0.100926
0 0.227604 0.473148 0.015625 0.100000
0 0.226823 0.480556 0.022396 0.094444
0 0.226823 0.462500 0.017188 0.076852
0 0.460677 0.518519 0.041146 0.277778
0 0.490625 0.514352 0.065625 0.232407
0 0.433594 0.541204 0.048438 0.271296
0 0.355208 0.525000 0.045833 0.250000
0 0.853906 0.574537 0.107813 0.376852
0 0.399479 0.474537 0.021875 0.126852
0 0.627604 0.456019 0.017708 0.076852
0 0.559115 0.460185 0.017188 0.087037
0 0.551823 0.456481 0.018229 0.083333
0 0.332552 0.460648 0.017188 0.078704
0 0.386458 0.456944 0.014583 0.078704
0 0.302865 0.456481 0.017188 0.072222
0 0.284375 0.459259 0.013542 0.066667
0 0.247656 0.461111 0.014063 0.070370
0 0.282552 0.454167 0.008854 0.058333
0 0.311458 0.449537 0.009375 0.045370
0 0.308854 0.443519 0.009375 0.044444
0 0.311719 0.443981 0.009896 0.045370
0 0.535937 0.452315 0.014583 0.067593
0 0.580469 0.460185 0.018229 0.092593
