0 0.797656 0.666667 0.045312 0.227778
0 0.254688 0.208333 0.037500 0.187037
0 0.179167 0.655093 0.046875 0.237963
0 0.915625 0.519907 0.040625 0.193519
0 0.502865 0.919444 0.038021 0.159259
0 0.350521 0.817593 0.036458 0.231481
0 0.429427 0.218519 0.030729 0.161111
0 0.772917 0.077778 0.027083 0.131481
0 0.566146 0.150463 0.028125 0.147222
0 0.538542 0.158796 0.031250 0.167593
0 0.277344 0.172222 0.021354 0.159259
0 0.503125 0.127315 0.031250 0.154630
0 0.069531 0.410648 0.025521 0.173148
0 0.052604 0.392130 0.040625 0.186111
0 0.451562 0.481019 0.042708 0.197222
0 0.479948 0.483796 0.035937 0.178704
0 0.438542 0.168519 0.026042 0.142593
0 0.394531 0.169444 0.022396 0.155556
0 0.380469 0.073611 0.026562 0.147222
0 0.297135 0.042130 0.021354 0.084259
0 0.137760 0.440741 0.029687 0.175926
0 0.293490 0.521296 0.033854 0.196296
0 0.250781 0.509722 0.033854 0.212037
0 0.250260 0.007407 0.023438 0.014815
0 0.294010 0.136574 0.023438 0.154630
0 0.177604 0.122685 0.027083 0.149074
0 0.200000 0.181944 0.028125 0.163889
0 0.464844 0.426389 0.033854 0.169444
0 0.158854 0.200926 0.027083 0.157407
0 0.192448 0.164815 0.026562 0.161111
0 0.126562 0.197222 0.028125 0.150000
0 0.134896 0.179630 0.023958 0.170370
0 0.157031 0.164815 0.028646 0.140741
0 0.151562 0.142593 0.028125 0.153704
0 0.117188 0.174074 0.020833 0.159259
0 0.460677 0.034259 0.018229 0.068519
0 0.231250 0.107407 0.031250 0.153704
0 0.227083 0.481481 0.042708 0.209259
0 0.979688 0.593981 0.035417 0.197222
0 0.896354 0.118981 0.029167 0.141667
0 0.827083 0.041667 0.032292 0.083333
0 0.193750 0.902315 0.050000 0.193519
0 0.216667 0.858333 0.051042 0.253704
0 0.227344 0.024537 0.021354 0.049074
0 0.203125 0.025463 0.022917 0.050926
0 0.717187 0.015741 0.028125 0.031481
0 0.651042 0.076852 0.035417 0.085185
