0 0.844792 0.654630 0.048958 0.214815
0 0.258854 0.039352 0.031250 0.078704
0 0.259115 0.609259 0.045312 0.222222
0 0.915885 0.518981 0.050521 0.193519
0 0.491146 0.929167 0.038542 0.139815
0 0.351042 0.816667 0.036458 0.231481
0 0.433594 0.213889 0.032813 0.157407
0 0.506250 0.018056 0.025000 0.036111
0 0.480729 0.015741 0.027083 0.031481
0 0.336458 0.125926 0.020833 0.129630
0 0.154688 0.302315 0.030208 0.169444
0 0.127344 0.298148 0.027604 0.187037
0 0.609635 0.948611 0.052604 0.100926
0 0.636198 0.955093 0.041146 0.087963
0 0.403385 0.148148 0.021354 0.140741
0 0.402865 0.122222 0.026562 0.157407
0 0.297917 0.040741 0.022917 0.081481
0 0.266406 0.128241 0.023438 0.143519
0 0.191667 0.987963 0.052083 0.022222
0 0.300260 0.185648 0.031771 0.160185
0 0.162240 0.068056 0.026562 0.136111
0 0.200260 0.183333 0.025521 0.159259
0 0.163021 0.193056 0.025000 0.156481
0 0.196354 0.163889 0.026042 0.159259
0 0.132031 0.198611 0.024479 0.147222
0 0.122656 0.181019 0.026562 0.167593
0 0.151302 0.166204 0.028646 0.162037
0 0.157031 0.143519 0.027604 0.151852
0 0.118229 0.174074 0.020833 0.159259
0 0.471615 0.037037 0.025521 0.074074
0 0.192188 0.395370 0.034375 0.190741
0 0.258594 0.078241 0.030729 0.154630
0 0.784375 0.928704 0.044792 0.140741
0 0.740365 0.940278 0.043229 0.117593
0 0.859115 0.252315 0.032813 0.167593
0 0.800000 0.244444 0.028125 0.162963
0 0.786458 0.071296 0.030208 0.131481
0 0.822135 0.035185 0.027604 0.070370
0 0.783854 0.030556 0.026042 0.061111
0 0.256510 0.176852 0.023438 0.161111
0 0.234896 0.181481 0.027083 0.142593
0 0.181510 0.050463 0.024479 0.100926
0 0.228906 0.070833 0.029687 0.141667
0 0.197396 0.065741 0.026042 0.131481
0 0.234115 0.056944 0.023438 0.113889
0 0.846354 0.013889 0.015625 0.027778
0 0.631510 0.057407 0.034896 0.114815
