0 0.621094 0.613426 0.088021 0.463889
0 0.576562 0.484259 0.021875 0.125926
0 0.575521 0.499537 0.022917 0.102778
0 0.492708 0.449074 0.013542 0.064815
0 0.580469 0.455093 0.020313 0.102778
0 0.527344 0.458796 0.018229 0.095370
0 0.604948 0.654167 0.099479 0.562037
0 0.548698 0.629630 0.068229 0.477778
0 0.210938 0.482407 0.027083 0.103704
0 0.245833 0.472222 0.019792 0.101852
0 0.227083 0.473148 0.015625 0.100000
0 0.225781 0.481019 0.022396 0.095370
0 0.223958 0.463426 0.016667 0.076852
0 0.382552 0.529167 0.070312 0.306481
0 0.314583 0.533796 0.055208 0.263889
0 0.269531 0.560648 0.080729 0.302778
0 0.178906 0.555093 0.061979 0.313889
0 0.625521 0.533333 0.052083 0.259259
0 0.468750 0.484259 0.030208 0.161111
0 0.650781 0.457407 0.018229 0.088889
0 0.516406 0.455556 0.014063 0.072222
0 0.505469 0.451389 0.013021 0.071296
0 0.331250 0.458796 0.014583 0.071296
0 0.380469 0.451389 0.013021 0.065741
0 0.288021 0.454167 0.012500 0.065741
0 0.276562 0.456019 0.012500 0.062037
0 0.259635 0.462037 0.013021 0.075926
0 0.280990 0.450000 0.009896 0.050000
0 0.309635 0.448148 0.009896 0.046296
0 0.300781 0.449537 0.008854 0.050926
0 0.314583 0.445833 0.009375 0.049074
0 0.311198 0.444444 0.009896 0.048148
0 0.536198 0.453241 0.013021 0.067593
0 0.586719 0.462037 0.018229 0.092593
