0 0.576823 0.607870 0.086979 0.434259
0 0.557813 0.498148 0.020833 0.098148
0 0.575781 0.500000 0.021354 0.103704
0 0.510156 0.450926 0.014063 0.070370
0 0.581771 0.454167 0.019792 0.100926
0 0.524740 0.466204 0.018229 0.104630
0 0.586979 0.653704 0.112500 0.566667
0 0.936198 0.628704 0.126562 0.462963
0 0.500521 0.633796 0.068750 0.487963
0 0.209635 0.481019 0.022396 0.102778
0 0.270313 0.471296 0.022917 0.100000
0 0.235417 0.472222 0.015625 0.100000
0 0.225000 0.481481 0.023958 0.094444
0 0.219792 0.465278 0.015625 0.076852
0 0.032031 0.581481 0.064062 0.422222
0 0.429948 0.508796 0.032813 0.200926
0 0.892708 0.575926 0.104167 0.388889
0 0.703906 0.523148 0.072396 0.251852
0 0.742969 0.459259 0.030729 0.100000
0 0.629948 0.460648 0.024479 0.097222
0 0.451562 0.448148 0.011458 0.064815
0 0.431250 0.447222 0.013542 0.070370
0 0.333333 0.451852 0.009375 0.055556
0 0.355469 0.450000 0.011979 0.055556
0 0.270052 0.465278 0.014063 0.073148
0 0.307292 0.453241 0.011458 0.054630
0 0.295833 0.453704 0.009375 0.053704
0 0.296094 0.449074 0.009896 0.055556
0 0.316406 0.449074 0.011979 0.050000
0 0.307552 0.448148 0.010937 0.055556
0 0.285677 0.451389 0.010937 0.056481
0 0.534635 0.457407 0.015104 0.072222
0 0.315625 0.429167 0.010417 0.039815
