0 0.492708 0.579167 0.067708 0.362037
0 0.557292 0.500000 0.019792 0.098148
0 0.575781 0.500463 0.019271 0.104630
0 0.595313 0.462500 0.019792 0.091667
0 0.524219 0.456944 0.018229 0.089815
0 0.581771 0.455093 0.019792 0.100926
0 0.513281 0.462963 0.018229 0.105556
0 0.419010 0.645833 0.094271 0.537963
0 0.578646 0.564352 0.083333 0.302778
0 0.413021 0.594444 0.066667 0.350000
0 0.239323 0.481481 0.021354 0.100000
0 0.276302 0.470833 0.017188 0.100926
0 0.259115 0.472685 0.016146 0.095370
0 0.225000 0.481944 0.023958 0.095370
0 0.251563 0.462500 0.015625 0.076852
0 0.324219 0.498611 0.027604 0.156481
0 0.602083 0.533796 0.062500 0.271296
0 0.637500 0.461111 0.020833 0.090741
0 0.547656 0.466667 0.024479 0.109259
0 0.383594 0.451389 0.009896 0.062037
0 0.391667 0.449074 0.010417 0.064815
0 0.311719 0.448611 0.009896 0.056481
0 0.267708 0.466667 0.010417 0.075926
0 0.315365 0.455093 0.013021 0.058333
0 0.301042 0.456481 0.010417 0.057407
0 0.291146 0.451852 0.012500 0.061111
0 0.321615 0.453241 0.011979 0.052778
0 0.310417 0.450926 0.011458 0.059259
0 0.277604 0.453241 0.014583 0.058333
0 0.517448 0.457407 0.017188 0.090741
0 0.310937 0.414352 0.010417 0.039815
0 0.315625 0.411111 0.009375 0.038889
0 0.283854 0.446296 0.011458 0.050000
