0 0.632292 0.615278 0.089583 0.469444
0 0.578385 0.482870 0.022396 0.128704
0 0.575521 0.499537 0.022917 0.102778
0 0.491667 0.449074 0.013542 0.064815
0 0.579167 0.455093 0.019792 0.102778
0 0.527344 0.458796 0.018229 0.095370
0 0.598958 0.656944 0.100000 0.571296
0 0.552344 0.631481 0.072396 0.481481
0 0.210156 0.481944 0.026562 0.104630
0 0.243229 0.472685 0.019792 0.102778
0 0.227083 0.473148 0.015625 0.100000
0 0.226302 0.481019 0.022396 0.095370
0 0.224479 0.463426 0.016667 0.076852
0 0.398958 0.528241 0.059375 0.300926
0 0.344792 0.533796 0.060417 0.260185
0 0.280990 0.558796 0.069271 0.300926
0 0.203906 0.555556 0.096354 0.305556
0 0.649479 0.538889 0.055208 0.270370
0 0.456771 0.481944 0.029167 0.156481
0 0.648177 0.457870 0.018229 0.087963
0 0.520573 0.456019 0.015104 0.073148
0 0.509635 0.451389 0.013021 0.071296
0 0.331250 0.458796 0.014583 0.071296
0 0.381250 0.451852 0.012500 0.066667
0 0.288802 0.454630 0.013021 0.066667
0 0.276562 0.456019 0.012500 0.062037
0 0.257552 0.461574 0.013021 0.075000
0 0.280990 0.450000 0.009896 0.050000
0 0.309896 0.448148 0.009375 0.046296
0 0.300781 0.449537 0.008854 0.050926
0 0.314583 0.445370 0.009375 0.048148
0 0.311198 0.443981 0.009896 0.047222
0 0.536198 0.454167 0.014063 0.069444
0 0.586719 0.462037 0.018229 0.092593
