0 0.845573 0.650926 0.041146 0.218519
0 0.254427 0.064352 0.031771 0.128704
0 0.396615 0.658333 0.045312 0.231481
0 0.914583 0.518519 0.043750 0.194444
0 0.545312 0.927778 0.042708 0.142593
0 0.351042 0.816667 0.036458 0.231481
0 0.430990 0.213889 0.036979 0.155556
0 0.525260 0.037963 0.026562 0.075926
0 0.494792 0.038889 0.028125 0.077778
0 0.332292 0.127315 0.022917 0.132407
0 0.123698 0.352778 0.031771 0.174074
0 0.092708 0.336574 0.033333 0.191667
0 0.567448 0.876389 0.069271 0.245370
0 0.605469 0.881019 0.049479 0.230556
0 0.403906 0.145370 0.021354 0.140741
0 0.441667 0.139815 0.029167 0.153704
0 0.297135 0.041204 0.021354 0.082407
0 0.246094 0.191667 0.025521 0.146296
0 0.150521 0.924537 0.042708 0.149074
0 0.175260 0.896296 0.056771 0.205556
0 0.299479 0.186111 0.023958 0.155556
0 0.172656 0.098611 0.027604 0.149074
0 0.200521 0.183333 0.027083 0.161111
0 0.163281 0.193056 0.025521 0.156481
0 0.196094 0.164352 0.024479 0.163889
0 0.126823 0.200926 0.025521 0.148148
0 0.122917 0.181019 0.027083 0.163889
0 0.163281 0.165741 0.028646 0.155556
0 0.156771 0.145370 0.026042 0.146296
0 0.118229 0.174074 0.020833 0.159259
0 0.467969 0.049074 0.025521 0.098148
0 0.213542 0.309259 0.034375 0.177778
0 0.258073 0.152315 0.030729 0.163889
0 0.882552 0.334722 0.032813 0.186111
0 0.829167 0.316204 0.029167 0.171296
0 0.786458 0.070370 0.030208 0.131481
0 0.970573 0.318981 0.036979 0.165741
0 0.873698 0.062963 0.027604 0.125926
0 0.830990 0.060185 0.027604 0.120370
0 0.231510 0.131481 0.023438 0.155556
0 0.206771 0.138889 0.027083 0.138889
0 0.199219 0.027778 0.024479 0.055556
0 0.242969 0.041667 0.026562 0.083333
0 0.206510 0.039815 0.026562 0.079630
0 0.251823 0.030093 0.023438 0.060185
