0 0.735677 0.637500 0.053646 0.223148
0 0.225781 0.445833 0.044271 0.215741
0 0.074740 0.623611 0.043229 0.230556
0 0.916406 0.519907 0.039062 0.193519
0 0.641146 0.953704 0.039583 0.090741
0 0.354687 0.820833 0.052083 0.232407
0 0.429688 0.218519 0.031250 0.161111
0 0.977865 0.322222 0.038021 0.177778
0 0.788281 0.132407 0.027604 0.135185
0 0.834115 0.296759 0.028646 0.167593
0 0.794792 0.294444 0.031250 0.177778
0 0.501302 0.265741 0.050521 0.162963
0 0.546094 0.232407 0.040104 0.168519
0 0.109375 0.430556 0.034375 0.177778
0 0.113542 0.409259 0.033333 0.196296
0 0.465104 0.221759 0.030208 0.167593
0 0.486979 0.225926 0.026042 0.151852
0 0.552083 0.022685 0.023958 0.045370
0 0.532031 0.023148 0.022396 0.046296
0 0.736198 0.283333 0.024479 0.155556
0 0.714844 0.250000 0.028646 0.155556
0 0.380469 0.073148 0.027604 0.146296
0 0.388542 0.007407 0.020833 0.014815
0 0.295573 0.040741 0.018229 0.081481
0 0.017188 0.853704 0.034375 0.220370
0 0.270573 0.231019 0.027604 0.163889
0 0.275781 0.242593 0.047396 0.175926
0 0.246354 0.121296 0.027083 0.151852
0 0.225781 0.133796 0.026562 0.152778
0 0.292448 0.136574 0.022396 0.154630
0 0.267708 0.112963 0.027083 0.148148
0 0.199219 0.179167 0.027604 0.163889
0 0.218490 0.152778 0.026562 0.142593
0 0.161198 0.192593 0.027604 0.157407
0 0.189844 0.162037 0.025521 0.161111
0 0.123958 0.194444 0.025000 0.151852
0 0.144271 0.169444 0.023958 0.168519
0 0.146354 0.156944 0.030208 0.156481
0 0.152083 0.142593 0.028125 0.153704
0 0.118750 0.174074 0.020833 0.159259
0 0.486719 0.003704 0.020313 0.007407
0 0.224219 0.957870 0.048438 0.082407
