0 0.843490 0.655093 0.046354 0.213889
0 0.258854 0.059259 0.031250 0.118519
0 0.370312 0.631944 0.047917 0.236111
0 0.916667 0.518056 0.039583 0.195370
0 0.538281 0.930093 0.039062 0.137963
0 0.351042 0.816667 0.036458 0.231481
0 0.433073 0.214352 0.030729 0.156481
0 0.519531 0.033796 0.025521 0.067593
0 0.491927 0.033333 0.027604 0.066667
0 0.333333 0.126852 0.020833 0.131481
0 0.133073 0.339815 0.031771 0.175926
0 0.099479 0.326852 0.030208 0.190741
0 0.585677 0.892130 0.060937 0.213889
0 0.624219 0.896759 0.052604 0.204630
0 0.402865 0.145370 0.021354 0.140741
0 0.438802 0.130556 0.023438 0.151852
0 0.297135 0.041204 0.021354 0.082407
0 0.259375 0.177315 0.025000 0.145370
0 0.150781 0.946759 0.043229 0.104630
0 0.183333 0.914352 0.050000 0.169444
0 0.304167 0.184722 0.025000 0.160185
0 0.166927 0.089352 0.029687 0.147222
0 0.200521 0.183333 0.027083 0.161111
0 0.163021 0.193056 0.025000 0.156481
0 0.196354 0.162963 0.026042 0.162963
0 0.125260 0.199537 0.027604 0.147222
0 0.119531 0.179167 0.026562 0.167593
0 0.163281 0.167130 0.027604 0.152778
0 0.157292 0.143981 0.027083 0.149074
0 0.118229 0.174074 0.020833 0.159259
0 0.467448 0.045370 0.025521 0.090741
0 0.209375 0.328704 0.034375 0.177778
0 0.267448 0.132870 0.031771 0.160185
0 0.880729 0.316204 0.040625 0.184259
0 0.826302 0.299074 0.027604 0.170370
0 0.786458 0.070370 0.030208 0.131481
0 0.983594 0.333796 0.031771 0.163889
0 0.868490 0.054630 0.027604 0.109259
0 0.819792 0.052315 0.027083 0.104630
0 0.234896 0.140278 0.022917 0.154630
0 0.210938 0.146759 0.026042 0.139815
0 0.197917 0.033796 0.025000 0.067593
0 0.234896 0.049074 0.029167 0.098148
0 0.202865 0.044444 0.026562 0.088889
0 0.248698 0.036574 0.023438 0.073148
