0 0.613281 0.367593 0.030729 0.133333
0 0.443750 0.369444 0.030208 0.164815
0 0.125781 0.512963 0.159896 0.551852
0 0.489583 0.365741 0.029167 0.144444
0 0.609115 0.345833 0.018229 0.082407
0 0.704427 0.399074 0.043229 0.298148
0 0.364583 0.359259 0.019792 0.100000
0 0.691146 0.395833 0.042708 0.263889
0 0.536458 0.342130 0.014583 0.060185
0 0.195833 0.415741 0.032292 0.242593
0 0.180469 0.349074 0.022396 0.098148
0 0.163281 0.342593 0.014063 0.062963
0 0.175000 0.336574 0.014583 0.073148
0 0.559635 0.337500 0.009896 0.045370
0 0.546615 0.336111 0.010937 0.051852
0 0.330729 0.346759 0.016667 0.065741
0 0.380729 0.343056 0.012500 0.060185
0 0.393229 0.341204 0.011458 0.058333
