0 0.531250 0.408333 0.036458 0.159259
0 0.475521 0.387963 0.026042 0.122222
0 0.424740 0.379167 0.020313 0.113889
0 0.970052 0.569907 0.058854 0.545370
0 0.060417 0.439352 0.055208 0.223148
0 0.315365 0.397685 0.031771 0.130556
0 0.468750 0.385648 0.021875 0.110185
0 0.012760 0.456019 0.025521 0.184259
0 0.484635 0.376389 0.019271 0.095370
0 0.180990 0.406019 0.026562 0.121296
0 0.582552 0.388426 0.031771 0.154630
0 0.522917 0.379630 0.015625 0.105556
0 0.282031 0.387963 0.016146 0.096296
0 0.270313 0.388426 0.014583 0.082407
0 0.309375 0.389352 0.017708 0.093519
0 0.282031 0.378704 0.015104 0.053704
0 0.434635 0.369907 0.013021 0.063889
0 0.098698 0.381019 0.010937 0.062037
0 0.126302 0.399074 0.017188 0.094444
0 0.123177 0.375926 0.011979 0.059259
0 0.294531 0.379167 0.013021 0.049074
