0 0.835677 0.662500 0.031771 0.223148
0 0.253125 0.081481 0.037500 0.162963
0 0.446875 0.679630 0.036458 0.238889
0 0.916406 0.518519 0.040104 0.196296
0 0.560156 0.930093 0.043229 0.137963
0 0.351042 0.816667 0.036458 0.231481
0 0.423177 0.212963 0.028646 0.157407
0 0.531250 0.053704 0.027083 0.107407
0 0.498698 0.051389 0.028646 0.102778
0 0.313281 0.131019 0.019271 0.141667
0 0.102344 0.385185 0.034896 0.175926
0 0.075000 0.363426 0.035417 0.193519
0 0.528125 0.787500 0.061458 0.239815
0 0.560677 0.791204 0.040104 0.213889
0 0.405729 0.149537 0.023958 0.130556
0 0.402604 0.162037 0.031250 0.155556
0 0.297135 0.041667 0.021354 0.083333
0 0.198698 0.225000 0.024479 0.151852
0 0.160417 0.876852 0.041667 0.240741
0 0.125000 0.852315 0.047917 0.252778
0 0.283333 0.174074 0.028125 0.161111
0 0.169792 0.120370 0.021875 0.151852
0 0.200521 0.182870 0.027083 0.162037
0 0.934896 0.696759 0.034375 0.199074
0 0.163802 0.193519 0.026562 0.157407
0 0.200260 0.164815 0.023438 0.164815
0 0.128906 0.200000 0.031771 0.146296
0 0.131250 0.182407 0.028125 0.161111
0 0.161198 0.162037 0.029687 0.162963
0 0.145573 0.143981 0.026562 0.149074
0 0.117708 0.174074 0.020833 0.159259
0 0.473958 0.055093 0.025000 0.110185
0 0.218490 0.262500 0.031771 0.171296
0 0.257812 0.201852 0.033333 0.168519
0 0.909375 0.382870 0.041667 0.186111
0 0.846615 0.359722 0.030729 0.178704
0 0.789844 0.064352 0.029687 0.128704
0 0.935156 0.275000 0.031771 0.159259
0 0.883854 0.089815 0.027083 0.151852
0 0.852083 0.082870 0.028125 0.158333
0 0.985417 0.292593 0.028125 0.175926
0 0.220573 0.103704 0.023438 0.146296
0 0.196615 0.109259 0.029687 0.135185
0 0.201302 0.010185 0.023438 0.020370
0 0.254427 0.019444 0.025521 0.038889
0 0.225521 0.019444 0.026042 0.038889
0 0.279948 0.017130 0.023438 0.034259
0 0.700521 0.008333 0.026042 0.016667
