0 0.635938 0.356481 0.031250 0.142593
0 0.462500 0.347222 0.029167 0.144444
0 0.254427 0.431481 0.098437 0.422222
0 0.971094 0.650926 0.056771 0.696296
0 0.220312 0.387963 0.078125 0.309259
0 0.502083 0.349074 0.029167 0.131481
0 0.554167 0.328241 0.014583 0.058333
0 0.601042 0.355093 0.029167 0.160185
0 0.322656 0.337500 0.021354 0.100926
0 0.606510 0.364352 0.024479 0.150926
0 0.713281 0.347685 0.021354 0.113889
0 0.264583 0.350463 0.021875 0.123148
0 0.241667 0.351852 0.022917 0.120370
0 0.308333 0.362037 0.021875 0.135185
0 0.005990 0.361111 0.011979 0.151852
0 0.520833 0.328241 0.009375 0.037963
0 0.395313 0.326852 0.015625 0.064815
0 0.372396 0.322685 0.015625 0.073148
0 0.359896 0.327315 0.012500 0.060185
0 0.369792 0.320833 0.011458 0.058333
