0 0.569010 0.604167 0.083854 0.430556
0 0.557813 0.498148 0.020833 0.098148
0 0.575521 0.500000 0.020833 0.103704
0 0.593229 0.461574 0.019792 0.091667
0 0.510677 0.450926 0.014063 0.070370
0 0.581771 0.454167 0.019792 0.100926
0 0.523438 0.466204 0.018750 0.104630
0 0.577344 0.657870 0.097396 0.575000
0 0.912500 0.619444 0.089583 0.451852
0 0.501563 0.633796 0.072917 0.487963
0 0.209896 0.481019 0.021875 0.102778
0 0.271615 0.471296 0.020313 0.100000
0 0.235937 0.472222 0.015625 0.100000
0 0.225000 0.481481 0.023958 0.094444
0 0.219792 0.465278 0.015625 0.076852
0 0.030990 0.581944 0.061979 0.423148
0 0.424479 0.507407 0.035417 0.196296
0 0.877604 0.569444 0.080208 0.379630
0 0.718490 0.525926 0.064062 0.255556
0 0.738542 0.459722 0.029167 0.099074
0 0.626823 0.460648 0.024479 0.097222
0 0.447917 0.448148 0.011458 0.064815
0 0.429167 0.448148 0.013542 0.070370
0 0.332813 0.451852 0.009375 0.055556
0 0.353906 0.450000 0.011979 0.055556
0 0.269531 0.465741 0.013021 0.074074
0 0.307292 0.453241 0.011458 0.054630
0 0.296875 0.453704 0.011458 0.053704
0 0.296094 0.449074 0.009896 0.055556
0 0.316406 0.449537 0.011979 0.050926
0 0.307552 0.448611 0.010937 0.056481
0 0.285156 0.451389 0.010937 0.056481
0 0.535156 0.458333 0.015104 0.072222
0 0.315625 0.429167 0.010417 0.039815
