0 0.691146 0.635648 0.092708 0.495370
0 0.589844 0.475000 0.023438 0.144444
0 0.575521 0.499537 0.022917 0.102778
0 0.486719 0.444907 0.013021 0.058333
0 0.249479 0.672685 0.200000 0.652778
0 0.560937 0.456944 0.019792 0.100926
0 0.527344 0.458796 0.018229 0.091667
0 0.685417 0.686574 0.158333 0.621296
0 0.614844 0.643981 0.079687 0.506481
0 0.210677 0.481481 0.026562 0.105556
0 0.231510 0.473148 0.018229 0.101852
0 0.227344 0.473148 0.015104 0.100000
0 0.226823 0.480556 0.022396 0.094444
0 0.226042 0.463426 0.016667 0.076852
0 0.452865 0.516667 0.042188 0.279630
0 0.450260 0.523148 0.059896 0.240741
0 0.379167 0.543981 0.067708 0.271296
0 0.316146 0.533333 0.068750 0.259259
0 0.769531 0.562037 0.083854 0.333333
0 0.419271 0.475463 0.028125 0.132407
0 0.634635 0.456481 0.018229 0.081481
0 0.544271 0.457407 0.015625 0.075926
0 0.534635 0.454630 0.014063 0.074074
0 0.332813 0.461111 0.017708 0.077778
0 0.385937 0.455093 0.014583 0.073148
0 0.298438 0.454167 0.014583 0.069444
0 0.279948 0.457870 0.013021 0.063889
0 0.251302 0.462037 0.014063 0.070370
0 0.281771 0.452778 0.009375 0.055556
0 0.310937 0.448611 0.009375 0.045370
0 0.312240 0.443056 0.008854 0.045370
0 0.311719 0.443981 0.009896 0.045370
0 0.537760 0.453704 0.014063 0.072222
0 0.586719 0.462037 0.018229 0.092593
