0 0.845313 0.654630 0.050000 0.214815
0 0.224479 0.618056 0.038542 0.225000
0 0.915885 0.518056 0.048438 0.191667
0 0.464323 0.931944 0.043229 0.134259
0 0.351042 0.816667 0.036458 0.231481
0 0.427083 0.209722 0.022917 0.160185
0 0.336979 0.125463 0.020833 0.128704
0 0.175781 0.269907 0.030729 0.160185
0 0.149479 0.270370 0.029167 0.183333
0 0.402865 0.145833 0.024479 0.139815
0 0.404167 0.123148 0.028125 0.157407
0 0.298958 0.040278 0.023958 0.080556
0 0.255990 0.082870 0.022396 0.128704
0 0.303385 0.184722 0.028646 0.162037
0 0.182552 0.059722 0.026562 0.119444
0 0.200000 0.182407 0.025000 0.159259
0 0.163021 0.193519 0.025000 0.155556
0 0.194792 0.166204 0.025000 0.162037
0 0.134115 0.197685 0.025521 0.150926
0 0.121875 0.179167 0.026042 0.171296
0 0.147917 0.165278 0.029167 0.162037
0 0.158073 0.141667 0.027604 0.151852
0 0.118229 0.174074 0.020833 0.159259
0 0.471354 0.028704 0.026042 0.057407
0 0.172917 0.471296 0.038542 0.200000
0 0.257552 0.044444 0.030729 0.088889
0 0.687760 0.843981 0.047396 0.254630
0 0.642708 0.857407 0.045833 0.250000
0 0.850260 0.197685 0.032813 0.165741
0 0.780729 0.191667 0.025000 0.159259
0 0.749479 0.025000 0.021875 0.050000
0 0.784115 0.009259 0.022396 0.018519
0 0.785417 0.072222 0.030208 0.131481
0 0.807292 0.010185 0.026042 0.020370
0 0.263281 0.226389 0.024479 0.163889
0 0.232552 0.230093 0.036979 0.150926
0 0.147135 0.056019 0.024479 0.112037
0 0.230990 0.104167 0.031771 0.147222
0 0.202604 0.101852 0.027083 0.140741
0 0.235156 0.087963 0.025521 0.142593
0 0.836719 0.018056 0.020313 0.036111
0 0.525781 0.038426 0.035937 0.076852
