0 0.621094 0.377778 0.031771 0.138889
0 0.448958 0.362037 0.029167 0.142593
0 0.303385 0.425000 0.077604 0.361111
0 0.967448 0.635648 0.064062 0.726852
0 0.210156 0.393981 0.079687 0.282407
0 0.489583 0.359259 0.029167 0.129630
0 0.534115 0.340741 0.014063 0.057407
0 0.578646 0.366667 0.027083 0.157407
0 0.310156 0.345833 0.021354 0.100926
0 0.585156 0.369907 0.026562 0.143519
0 0.677604 0.361574 0.018750 0.113889
0 0.272396 0.362037 0.019792 0.120370
0 0.247917 0.361111 0.022917 0.120370
0 0.297656 0.370370 0.022396 0.129630
0 0.004687 0.368519 0.009375 0.155556
0 0.510156 0.333796 0.009896 0.036111
0 0.383333 0.337963 0.013542 0.061111
0 0.358854 0.334722 0.013542 0.073148
0 0.343229 0.337037 0.012500 0.059259
0 0.351042 0.338426 0.012500 0.058333
