0 0.845052 0.654630 0.049479 0.214815
0 0.252604 0.034722 0.031250 0.069444
0 0.236458 0.604630 0.041667 0.229630
0 0.916667 0.518981 0.052083 0.193519
0 0.469010 0.929167 0.039062 0.139815
0 0.351042 0.816667 0.036458 0.231481
0 0.433333 0.213889 0.032292 0.157407
0 0.501563 0.012963 0.025000 0.025926
0 0.339062 0.125926 0.020833 0.129630
0 0.159375 0.291204 0.029167 0.163889
0 0.133594 0.288889 0.030729 0.179630
0 0.593490 0.968519 0.052604 0.061111
0 0.636979 0.972222 0.048958 0.053704
0 0.402865 0.145833 0.024479 0.141667
0 0.403385 0.121296 0.026562 0.159259
0 0.298177 0.040741 0.023438 0.081481
0 0.262500 0.111574 0.022917 0.134259
0 0.304948 0.183796 0.025521 0.163889
0 0.165885 0.063426 0.026562 0.126852
0 0.200000 0.183333 0.025000 0.159259
0 0.163021 0.193519 0.025000 0.155556
0 0.195573 0.167593 0.026562 0.157407
0 0.129688 0.199074 0.027083 0.148148
0 0.122135 0.181019 0.026562 0.167593
0 0.151042 0.168056 0.029167 0.162037
0 0.156771 0.141667 0.027083 0.151852
0 0.118229 0.174074 0.020833 0.159259
0 0.472917 0.033333 0.026042 0.066667
0 0.183073 0.415741 0.035937 0.194444
0 0.256510 0.068056 0.027604 0.136111
0 0.758073 0.907870 0.054688 0.182407
0 0.712500 0.916204 0.042708 0.165741
0 0.863802 0.232407 0.039062 0.166667
0 0.792188 0.231481 0.028125 0.157407
0 0.786458 0.071296 0.030208 0.131481
0 0.812500 0.027778 0.027083 0.055556
0 0.775781 0.021759 0.025521 0.043519
0 0.261458 0.187963 0.022917 0.162963
0 0.234896 0.188426 0.036458 0.145370
0 0.162760 0.051389 0.028646 0.102778
0 0.226562 0.075000 0.028125 0.146296
0 0.197396 0.071759 0.026042 0.141667
0 0.229687 0.064815 0.022917 0.129630
0 0.843750 0.016204 0.018750 0.032407
0 0.601302 0.048148 0.031771 0.096296
