0 0.770833 0.561111 0.064583 0.361111
0 0.327604 0.534722 0.044792 0.245370
0 0.823958 0.557870 0.073958 0.321296
0 0.558854 0.498148 0.018750 0.101852
0 0.576042 0.500926 0.016667 0.105556
0 0.662760 0.460185 0.017188 0.092593
0 0.539062 0.454630 0.020833 0.107407
0 0.582812 0.457407 0.019792 0.100000
0 0.497396 0.455556 0.021875 0.105556
0 0.262240 0.543519 0.064062 0.261111
0 0.348958 0.510648 0.032292 0.173148
0 0.733594 0.462037 0.033854 0.114815
0 0.795833 0.460185 0.027083 0.120370
0 0.272656 0.541204 0.046354 0.230556
0 0.294010 0.472685 0.018229 0.086111
0 0.228125 0.463889 0.020833 0.077778
0 0.311979 0.483333 0.017708 0.124074
0 0.518750 0.457870 0.016667 0.071296
0 0.306250 0.418056 0.010417 0.039815
0 0.314583 0.414815 0.009375 0.038889
0 0.544792 0.448611 0.012500 0.062037
0 0.359375 0.456944 0.017708 0.078704
