0 0.733594 0.637037 0.053646 0.224074
0 0.238802 0.305556 0.039062 0.201852
0 0.073177 0.621296 0.047396 0.229630
0 0.916146 0.519907 0.039583 0.193519
0 0.528906 0.923611 0.035937 0.150926
0 0.353646 0.820833 0.052083 0.232407
0 0.429688 0.218519 0.031250 0.161111
0 0.790104 0.131481 0.027083 0.137037
0 0.655729 0.211574 0.020833 0.150926
0 0.626302 0.224074 0.038021 0.170370
0 0.294010 0.203704 0.028646 0.144444
0 0.476302 0.245370 0.046354 0.172222
0 0.069271 0.410648 0.025000 0.173148
0 0.080208 0.393056 0.031250 0.187963
0 0.407813 0.350926 0.036458 0.181481
0 0.434375 0.358796 0.036458 0.165741
0 0.571094 0.206019 0.028646 0.145370
0 0.485417 0.186574 0.020833 0.158333
0 0.380469 0.073148 0.027604 0.146296
0 0.296875 0.041667 0.021875 0.083333
0 0.137240 0.606481 0.030729 0.187037
0 0.330208 0.372222 0.030208 0.177778
0 0.289583 0.380093 0.033333 0.193519
0 0.252083 0.043981 0.026042 0.087963
0 0.221094 0.046296 0.023438 0.092593
0 0.293490 0.136574 0.024479 0.154630
0 0.223698 0.112963 0.033854 0.146296
0 0.198958 0.179167 0.027083 0.162037
0 0.291667 0.300463 0.030208 0.154630
0 0.164062 0.195370 0.027083 0.157407
0 0.188021 0.164352 0.022917 0.162037
0 0.124479 0.193519 0.028125 0.151852
0 0.146875 0.172685 0.027083 0.169444
0 0.155208 0.153704 0.029167 0.155556
0 0.152604 0.142593 0.028125 0.153704
0 0.117188 0.174074 0.020833 0.159259
0 0.485938 0.008796 0.020833 0.017593
0 0.191146 0.050926 0.027083 0.101852
0 0.239323 0.702778 0.047396 0.235185
0 0.813802 0.046759 0.028646 0.093519
0 0.047656 0.693056 0.059896 0.223148
