0 0.666667 0.616667 0.090625 0.487037
0 0.586719 0.477315 0.023438 0.139815
0 0.575521 0.499537 0.022917 0.102778
0 0.488281 0.445833 0.013021 0.058333
0 0.443750 0.658796 0.200000 0.680556
0 0.566667 0.456481 0.019792 0.101852
0 0.527344 0.458796 0.018229 0.093519
0 0.660937 0.680556 0.127083 0.618519
0 0.586719 0.635648 0.086979 0.484259
0 0.210156 0.481481 0.026562 0.105556
0 0.232031 0.473148 0.018229 0.101852
0 0.227083 0.473148 0.015625 0.100000
0 0.226302 0.480556 0.022396 0.094444
0 0.225521 0.463426 0.016667 0.076852
0 0.441146 0.518056 0.046875 0.280556
0 0.416667 0.525463 0.057292 0.247222
0 0.353385 0.546296 0.045312 0.277778
0 0.289323 0.537963 0.054688 0.272222
0 0.726302 0.547222 0.070312 0.312963
0 0.429427 0.477315 0.027604 0.137963
0 0.638281 0.456944 0.018229 0.082407
0 0.536719 0.456944 0.016146 0.075000
0 0.526042 0.453241 0.013542 0.073148
0 0.331771 0.461111 0.015625 0.074074
0 0.384635 0.453704 0.014063 0.070370
0 0.295573 0.455093 0.014063 0.067593
0 0.278906 0.457407 0.013021 0.062963
0 0.253385 0.461574 0.014063 0.071296
0 0.281510 0.451389 0.009896 0.052778
0 0.310937 0.447685 0.009375 0.045370
0 0.313802 0.443056 0.008854 0.045370
0 0.311719 0.443981 0.009896 0.045370
0 0.538802 0.453704 0.013021 0.072222
0 0.586719 0.462037 0.018229 0.092593
