0 0.845313 0.654630 0.050000 0.214815
0 0.228906 0.620370 0.048438 0.227778
0 0.915625 0.518056 0.047917 0.191667
0 0.464583 0.932870 0.042708 0.132407
0 0.351042 0.816667 0.036458 0.231481
0 0.423438 0.208796 0.025000 0.158333
0 0.336979 0.125463 0.020833 0.128704
0 0.178125 0.268056 0.034375 0.160185
0 0.149479 0.269444 0.029167 0.185185
0 0.403385 0.145833 0.024479 0.139815
0 0.404167 0.122685 0.028125 0.158333
0 0.299219 0.040278 0.024479 0.080556
0 0.254948 0.079167 0.022396 0.130556
0 0.302344 0.185648 0.028646 0.162037
0 0.182031 0.059722 0.026562 0.119444
0 0.200000 0.181481 0.025000 0.159259
0 0.163021 0.193519 0.025000 0.155556
0 0.194531 0.166204 0.025521 0.162037
0 0.135156 0.199537 0.025521 0.150926
0 0.121875 0.179167 0.026042 0.171296
0 0.147917 0.165278 0.029167 0.162037
0 0.159115 0.141667 0.027604 0.151852
0 0.118229 0.174074 0.020833 0.159259
0 0.470833 0.028241 0.026042 0.056481
0 0.174219 0.475000 0.038021 0.198148
0 0.259635 0.043981 0.030729 0.087963
0 0.679688 0.831944 0.050000 0.254630
0 0.636458 0.844444 0.043750 0.244444
0 0.848437 0.196296 0.032292 0.164815
0 0.781771 0.188889 0.025000 0.159259
0 0.755208 0.028241 0.021875 0.056481
0 0.785937 0.010185 0.021875 0.020370
0 0.785417 0.072222 0.030208 0.131481
0 0.261719 0.230556 0.024479 0.164815
0 0.232031 0.234722 0.034896 0.150926
0 0.147135 0.056019 0.024479 0.112037
0 0.232031 0.106944 0.031771 0.147222
0 0.203646 0.103704 0.027083 0.140741
0 0.235677 0.091667 0.025521 0.142593
0 0.835417 0.018519 0.020833 0.037037
0 0.518490 0.037500 0.033854 0.075000
