0 0.607031 0.503125 0.154688 0.589583
0 0.572656 0.467708 0.057813 0.243750
0 0.090625 0.447917 0.037500 0.191667
0 0.467969 0.451042 0.085938 0.289583
0 0.112500 0.435417 0.071875 0.241667
0 0.130469 0.459375 0.076563 0.289583
0 0.269531 0.453125 0.089063 0.327083
0 0.514844 0.440625 0.042188 0.122917
0 0.842969 0.482292 0.273438 0.897917
0 0.882812 0.483333 0.231250 0.845833
0 0.148438 0.446875 0.043750 0.197917
0 0.165625 0.451042 0.050000 0.202083
0 0.875000 0.498958 0.246875 0.997917
0 0.407813 0.491667 0.175000 0.600000
0 0.296094 0.436458 0.032813 0.097917
