0 0.733333 0.637037 0.053125 0.224074
0 0.242708 0.281481 0.038542 0.198148
0 0.073177 0.625926 0.045312 0.229630
0 0.915885 0.519907 0.040104 0.193519
0 0.506250 0.916667 0.035417 0.164815
0 0.353385 0.820833 0.050521 0.232407
0 0.429427 0.218519 0.030729 0.161111
0 0.790104 0.131481 0.027083 0.137037
0 0.633594 0.196759 0.021354 0.154630
0 0.598177 0.203241 0.027604 0.169444
0 0.281510 0.194444 0.023438 0.162963
0 0.489583 0.212963 0.040625 0.166667
0 0.069271 0.410648 0.025000 0.173148
0 0.074479 0.393056 0.032292 0.187963
0 0.417708 0.385185 0.038542 0.187037
0 0.447396 0.387963 0.036458 0.175926
0 0.524219 0.187963 0.018229 0.144444
0 0.443490 0.179630 0.040104 0.159259
0 0.380729 0.073611 0.027083 0.147222
0 0.295833 0.042130 0.021875 0.084259
0 0.128646 0.558796 0.031250 0.186111
0 0.325521 0.410185 0.030208 0.187037
0 0.281771 0.413426 0.035417 0.202778
0 0.257812 0.034259 0.026042 0.068519
0 0.221094 0.034259 0.023438 0.068519
0 0.293490 0.136574 0.024479 0.154630
0 0.203385 0.116204 0.026562 0.150926
0 0.198958 0.179167 0.027083 0.162037
0 0.316927 0.337500 0.028646 0.162037
0 0.164583 0.194907 0.027083 0.156481
0 0.188021 0.164815 0.022917 0.159259
0 0.124479 0.193519 0.028125 0.151852
0 0.146875 0.172685 0.026042 0.165741
0 0.160417 0.157407 0.029167 0.155556
0 0.152604 0.142593 0.028125 0.153704
0 0.117188 0.174074 0.020833 0.159259
0 0.473438 0.012037 0.018750 0.024074
0 0.194271 0.064352 0.028125 0.128704
0 0.230208 0.638889 0.046875 0.227778
0 0.829167 0.061574 0.028125 0.123148
0 0.094010 0.744907 0.052604 0.234259
0 0.059896 0.691204 0.053125 0.226852
