0 0.846875 0.650926 0.035417 0.216667
0 0.250000 0.072222 0.033333 0.144444
0 0.425521 0.670370 0.048958 0.242593
0 0.914323 0.519444 0.043229 0.196296
0 0.556510 0.931944 0.043229 0.134259
0 0.351042 0.816667 0.036458 0.231481
0 0.425000 0.214815 0.034375 0.157407
0 0.528125 0.046296 0.027083 0.092593
0 0.497396 0.045370 0.028125 0.090741
0 0.324740 0.127315 0.019271 0.134259
0 0.111458 0.370370 0.033333 0.177778
0 0.082812 0.350926 0.027083 0.194444
0 0.548698 0.825463 0.063021 0.236111
0 0.580990 0.834259 0.045312 0.225926
0 0.404167 0.147222 0.023958 0.138889
0 0.424479 0.151389 0.030208 0.154630
0 0.297135 0.041667 0.021354 0.083333
0 0.223177 0.212500 0.025521 0.149074
0 0.151823 0.900463 0.042188 0.197222
0 0.134635 0.877778 0.047396 0.242593
0 0.290365 0.181944 0.030729 0.160185
0 0.166927 0.112963 0.024479 0.150000
0 0.200521 0.183333 0.027083 0.161111
0 0.976562 0.740278 0.042708 0.206481
0 0.163542 0.193519 0.026042 0.157407
0 0.197917 0.167130 0.023958 0.158333
0 0.128646 0.200000 0.031250 0.146296
0 0.126823 0.183333 0.027604 0.159259
0 0.163021 0.163889 0.029167 0.159259
0 0.151562 0.146759 0.026042 0.145370
0 0.117708 0.174074 0.020833 0.159259
0 0.469792 0.051389 0.026042 0.102778
0 0.215625 0.285648 0.031250 0.176852
0 0.252083 0.178704 0.034375 0.168519
0 0.889062 0.360648 0.044792 0.186111
0 0.834115 0.337500 0.028646 0.171296
0 0.791406 0.067130 0.028646 0.132407
0 0.947656 0.297685 0.035937 0.162037
0 0.877344 0.073148 0.026562 0.146296
0 0.844271 0.072685 0.028125 0.145370
0 0.994792 0.326389 0.009375 0.178704
0 0.225000 0.119907 0.023958 0.156481
0 0.201823 0.123611 0.025521 0.139815
0 0.201302 0.018981 0.023438 0.037963
0 0.248958 0.028241 0.022917 0.056481
0 0.216927 0.031481 0.026562 0.062963
0 0.263802 0.022222 0.023438 0.044444
