0 0.626823 0.346759 0.032813 0.136111
0 0.451042 0.353704 0.031250 0.162963
0 0.089063 0.528241 0.169792 0.649074
0 0.492708 0.355556 0.029167 0.144444
0 0.623958 0.331944 0.017708 0.084259
0 0.731771 0.386111 0.045833 0.320370
0 0.377604 0.343519 0.019792 0.100000
0 0.712760 0.388889 0.045312 0.281481
0 0.550000 0.325463 0.014583 0.060185
0 0.192188 0.404630 0.037500 0.257407
0 0.178125 0.327778 0.021875 0.105556
0 0.159635 0.328704 0.015104 0.068519
0 0.159375 0.327315 0.014583 0.075000
0 0.574740 0.322685 0.009896 0.047222
0 0.561979 0.316667 0.010417 0.051852
0 0.336979 0.327315 0.016667 0.065741
0 0.396094 0.325000 0.011979 0.059259
0 0.403125 0.330093 0.011458 0.058333
