0 0.357552 0.545833 0.052604 0.276852
0 0.558073 0.498148 0.019271 0.101852
0 0.576042 0.500926 0.017708 0.105556
0 0.665104 0.459722 0.017708 0.091667
0 0.533073 0.459722 0.020313 0.099074
0 0.580208 0.456481 0.019792 0.100000
0 0.495052 0.455556 0.022396 0.105556
0 0.315625 0.571296 0.058333 0.320370
0 0.404167 0.525926 0.042708 0.211111
0 0.296354 0.552778 0.048958 0.275926
0 0.276823 0.475463 0.018229 0.086111
0 0.266667 0.470370 0.015625 0.096296
0 0.250000 0.480093 0.021875 0.091667
0 0.232031 0.461574 0.018229 0.076852
0 0.316927 0.483796 0.021354 0.125000
0 0.398958 0.508333 0.033333 0.188889
0 0.562500 0.456019 0.016667 0.071296
0 0.372396 0.479630 0.019792 0.116667
0 0.321875 0.460185 0.013542 0.066667
0 0.301042 0.455093 0.012500 0.069444
0 0.323177 0.456481 0.011979 0.068519
0 0.307812 0.411574 0.010417 0.039815
0 0.314583 0.411111 0.009375 0.038889
0 0.530208 0.449537 0.012500 0.063889
0 0.519010 0.457870 0.010937 0.039815
0 0.406250 0.460185 0.016667 0.088889
