0 0.450260 0.569907 0.061979 0.341667
0 0.557292 0.498611 0.019792 0.100926
0 0.575781 0.500463 0.019271 0.104630
0 0.605208 0.461574 0.019792 0.091667
0 0.527083 0.457870 0.018750 0.091667
0 0.581771 0.455093 0.019792 0.100926
0 0.514323 0.461574 0.018229 0.104630
0 0.375521 0.634722 0.086458 0.486111
0 0.520573 0.557870 0.057813 0.293519
0 0.388021 0.585185 0.066667 0.346296
0 0.248698 0.481481 0.019271 0.100000
0 0.273698 0.470833 0.017188 0.099074
0 0.261198 0.472685 0.016146 0.095370
0 0.224479 0.481481 0.025000 0.098148
0 0.250781 0.462500 0.016146 0.076852
0 0.310937 0.494444 0.030208 0.150000
0 0.552083 0.526389 0.043750 0.250926
0 0.618750 0.460185 0.020833 0.087037
0 0.515625 0.468519 0.018750 0.118519
0 0.310156 0.448611 0.009896 0.056481
0 0.316406 0.456019 0.013021 0.060185
0 0.302083 0.457870 0.010417 0.060185
0 0.291406 0.451852 0.013021 0.064815
0 0.313021 0.452315 0.011458 0.060185
0 0.276562 0.454167 0.014583 0.060185
0 0.508594 0.455093 0.017188 0.091667
0 0.309896 0.411574 0.010417 0.039815
0 0.315625 0.411111 0.009375 0.038889
0 0.496094 0.455556 0.010937 0.064815
0 0.286458 0.445370 0.011458 0.050000
