0 0.622135 0.609722 0.081771 0.480556
0 0.566146 0.491204 0.021875 0.110185
0 0.575521 0.499537 0.021875 0.102778
0 0.497917 0.449537 0.013542 0.069444
0 0.583854 0.455093 0.019792 0.102778
0 0.523438 0.462963 0.018750 0.098148
0 0.614583 0.656019 0.110417 0.562037
0 0.537240 0.628704 0.069271 0.475926
0 0.209115 0.481481 0.026562 0.103704
0 0.254688 0.471296 0.018750 0.101852
0 0.229167 0.472222 0.015625 0.100000
0 0.225521 0.481019 0.022917 0.095370
0 0.222656 0.464352 0.016146 0.076852
0 0.306250 0.542593 0.066667 0.337037
0 0.186979 0.549537 0.065625 0.289815
0 0.137760 0.584259 0.110937 0.344444
0 0.037760 0.575463 0.075521 0.343519
0 0.547135 0.522222 0.048438 0.235185
0 0.517448 0.498148 0.043229 0.183333
0 0.663281 0.457407 0.021354 0.088889
0 0.501302 0.453704 0.011979 0.064815
0 0.480208 0.449074 0.013542 0.070370
0 0.333854 0.456019 0.014583 0.065741
0 0.374479 0.451389 0.012500 0.062037
0 0.280729 0.454167 0.012500 0.060185
0 0.263542 0.462500 0.011458 0.076852
0 0.281250 0.450926 0.009375 0.048148
0 0.308854 0.450463 0.010417 0.050926
0 0.298958 0.451852 0.009375 0.053704
0 0.315885 0.447222 0.009896 0.048148
0 0.309896 0.445833 0.010417 0.050926
0 0.290365 0.449537 0.009896 0.052778
0 0.535156 0.454167 0.014063 0.069444
0 0.586719 0.462037 0.018229 0.092593
