0 0.642188 0.616667 0.090625 0.475926
0 0.581250 0.481019 0.022917 0.132407
0 0.575521 0.499537 0.022917 0.102778
0 0.490104 0.449074 0.013542 0.064815
0 0.899479 0.653241 0.200000 0.691667
0 0.576562 0.455093 0.019792 0.102778
0 0.527344 0.458796 0.018229 0.093519
0 0.605729 0.684259 0.103125 0.625926
0 0.558594 0.634259 0.074479 0.487037
0 0.210156 0.481944 0.026562 0.104630
0 0.239063 0.473148 0.018750 0.101852
0 0.227083 0.473148 0.015625 0.100000
0 0.226302 0.481019 0.022396 0.095370
0 0.225000 0.463426 0.016667 0.076852
0 0.413281 0.527778 0.057813 0.296296
0 0.363281 0.529630 0.057813 0.255556
0 0.313021 0.554630 0.065625 0.294444
0 0.233073 0.549537 0.053646 0.295370
0 0.660677 0.544907 0.059896 0.297222
0 0.446875 0.478704 0.028125 0.148148
0 0.645052 0.457407 0.018229 0.087037
0 0.524740 0.458333 0.017188 0.075926
0 0.513802 0.452315 0.013021 0.071296
0 0.331250 0.459722 0.014583 0.071296
0 0.382812 0.452315 0.012500 0.067593
0 0.290365 0.455556 0.013021 0.066667
0 0.277083 0.456019 0.012500 0.062037
0 0.256510 0.461574 0.014063 0.073148
0 0.280990 0.450000 0.009896 0.050000
0 0.310417 0.447685 0.009375 0.045370
0 0.300260 0.449537 0.008854 0.050926
0 0.314323 0.443981 0.008854 0.047222
0 0.311719 0.443519 0.009896 0.046296
0 0.535677 0.454167 0.014063 0.071296
0 0.586719 0.462037 0.018229 0.092593
