0 0.481510 0.402315 0.031771 0.147222
0 0.423438 0.381019 0.027083 0.128704
0 0.394792 0.384722 0.025000 0.132407
0 0.774740 0.598611 0.098437 0.606481
0 0.907292 0.598611 0.121875 0.628704
0 0.292448 0.382407 0.040104 0.157407
0 0.431250 0.381481 0.019792 0.114815
0 0.455729 0.378241 0.018750 0.108333
0 0.146875 0.388426 0.026042 0.121296
0 0.595573 0.407870 0.039062 0.221296
0 0.468750 0.380556 0.016667 0.096296
0 0.504167 0.378241 0.017708 0.106481
0 0.220833 0.375000 0.020833 0.112963
0 0.205990 0.378241 0.016146 0.087963
0 0.484375 0.374537 0.020833 0.086111
0 0.460156 0.375463 0.022396 0.091667
0 0.282552 0.387500 0.017188 0.100926
0 0.413281 0.363426 0.013021 0.063889
0 0.038802 0.355093 0.013021 0.065741
0 0.060417 0.374074 0.020833 0.101852
0 0.074479 0.365278 0.014583 0.063889
0 0.300260 0.368519 0.011979 0.048148
