0 0.845833 0.654630 0.051042 0.214815
0 0.305729 0.644444 0.044792 0.229630
0 0.917448 0.516667 0.039062 0.194444
0 0.477604 0.942593 0.045833 0.112963
0 0.351042 0.816667 0.036458 0.231481
0 0.422917 0.203704 0.032292 0.159259
0 0.336979 0.125463 0.020833 0.128704
0 0.185677 0.254630 0.027604 0.157407
0 0.158594 0.248148 0.028646 0.177778
0 0.403646 0.141667 0.026042 0.144444
0 0.403385 0.118519 0.030729 0.157407
0 0.299740 0.039815 0.025521 0.079630
0 0.250260 0.049074 0.021354 0.098148
0 0.300000 0.187500 0.031250 0.160185
0 0.174740 0.059259 0.023438 0.118519
0 0.200000 0.180556 0.025000 0.159259
0 0.163021 0.192593 0.026042 0.155556
0 0.193490 0.168519 0.024479 0.161111
0 0.134115 0.200463 0.025521 0.150926
0 0.121615 0.180556 0.025521 0.168519
0 0.147917 0.165278 0.029167 0.162037
0 0.168750 0.151389 0.029167 0.150926
0 0.118229 0.174074 0.020833 0.159259
0 0.467187 0.024074 0.026042 0.048148
0 0.172656 0.553241 0.039062 0.208333
0 0.215365 0.012037 0.030729 0.024074
0 0.606250 0.708333 0.043750 0.233333
0 0.570052 0.722685 0.040104 0.228704
0 0.834375 0.150463 0.031250 0.160185
0 0.766667 0.146296 0.028125 0.148148
0 0.827865 0.047222 0.027604 0.094444
0 0.800781 0.038426 0.022396 0.076852
0 0.791406 0.086111 0.029687 0.135185
0 0.562240 0.012037 0.022396 0.024074
0 0.384635 0.014815 0.022396 0.029630
0 0.279948 0.021759 0.019271 0.043519
0 0.248698 0.278704 0.026562 0.172222
0 0.222135 0.280556 0.035937 0.159259
0 0.146094 0.056019 0.025521 0.112037
0 0.259635 0.148148 0.030729 0.153704
0 0.229948 0.149537 0.028646 0.154630
0 0.260677 0.125000 0.025521 0.142593
0 0.440104 0.031019 0.028125 0.062037
