0 0.467187 0.572685 0.081250 0.347222
0 0.557292 0.498611 0.019792 0.100926
0 0.575781 0.500463 0.019271 0.104630
0 0.601562 0.462500 0.019792 0.091667
0 0.526563 0.457870 0.018750 0.091667
0 0.581771 0.455093 0.019792 0.100926
0 0.512240 0.462037 0.018229 0.105556
0 0.388281 0.642593 0.089063 0.496296
0 0.534635 0.556944 0.053646 0.293519
0 0.396354 0.598148 0.066667 0.346296
0 0.247656 0.481481 0.019271 0.100000
0 0.274219 0.470833 0.016146 0.099074
0 0.260677 0.472685 0.016146 0.095370
0 0.224219 0.481481 0.025521 0.098148
0 0.250781 0.462500 0.016146 0.076852
0 0.315104 0.495833 0.035417 0.152778
0 0.567187 0.535185 0.052083 0.259259
0 0.626302 0.461111 0.015104 0.088889
0 0.524219 0.465278 0.019271 0.110185
0 0.310677 0.448611 0.009896 0.056481
0 0.316406 0.455556 0.013021 0.059259
0 0.301563 0.457407 0.010417 0.059259
0 0.291406 0.451389 0.013021 0.063889
0 0.323177 0.454167 0.011979 0.052778
0 0.312240 0.451852 0.011979 0.059259
0 0.276823 0.453704 0.015104 0.059259
0 0.511719 0.456944 0.017188 0.091667
0 0.309896 0.411574 0.010417 0.039815
0 0.315625 0.411111 0.009375 0.038889
0 0.493490 0.455556 0.010937 0.064815
0 0.285938 0.446296 0.011458 0.050000
