0 0.568750 0.603704 0.083333 0.425926
0 0.557813 0.498148 0.020833 0.098148
0 0.575521 0.500000 0.020833 0.103704
0 0.593750 0.461574 0.019792 0.091667
0 0.511719 0.450926 0.014063 0.070370
0 0.581771 0.454167 0.019792 0.100926
0 0.521615 0.467130 0.018229 0.104630
0 0.564844 0.663426 0.078646 0.586111
0 0.875521 0.610648 0.096875 0.432407
0 0.498177 0.627778 0.077604 0.474074
0 0.209896 0.481019 0.021875 0.102778
0 0.273438 0.471296 0.016667 0.100000
0 0.237500 0.472685 0.015625 0.099074
0 0.225000 0.481481 0.023958 0.094444
0 0.219271 0.465278 0.015625 0.076852
0 0.416667 0.506019 0.035417 0.191667
0 0.844010 0.563889 0.086979 0.370370
0 0.745052 0.520833 0.056771 0.265741
0 0.732031 0.459722 0.025521 0.099074
0 0.620573 0.462500 0.024479 0.099074
0 0.443229 0.448148 0.011458 0.064815
0 0.426042 0.448148 0.013542 0.070370
0 0.331510 0.452315 0.009896 0.054630
0 0.350781 0.450926 0.011979 0.055556
0 0.268490 0.466667 0.011979 0.074074
0 0.307292 0.453704 0.011458 0.055556
0 0.298698 0.454167 0.015104 0.054630
0 0.296094 0.449074 0.009896 0.055556
0 0.316406 0.449537 0.011979 0.050926
0 0.307552 0.449074 0.010937 0.057407
0 0.284635 0.450926 0.010937 0.055556
0 0.533594 0.457870 0.015104 0.073148
0 0.315625 0.428241 0.010417 0.039815
