0 0.446094 0.569444 0.057813 0.340741
0 0.557292 0.498611 0.019792 0.100926
0 0.575781 0.500463 0.019271 0.104630
0 0.606250 0.461574 0.019792 0.091667
0 0.527083 0.457870 0.018750 0.091667
0 0.581771 0.455093 0.019792 0.100926
0 0.515104 0.461574 0.018750 0.104630
0 0.371875 0.632870 0.085417 0.482407
0 0.516667 0.556944 0.054167 0.291667
0 0.385937 0.581481 0.066667 0.346296
0 0.248958 0.481481 0.018750 0.100000
0 0.273698 0.470833 0.017188 0.099074
0 0.261458 0.472685 0.015625 0.095370
0 0.224479 0.481481 0.025000 0.098148
0 0.251302 0.462500 0.016146 0.076852
0 0.310156 0.494444 0.029687 0.150000
0 0.546875 0.524537 0.039583 0.249074
0 0.617448 0.460648 0.021354 0.086111
0 0.513021 0.469444 0.018750 0.120370
0 0.309896 0.448611 0.010417 0.056481
0 0.316667 0.456019 0.013542 0.060185
0 0.302083 0.457870 0.010417 0.060185
0 0.291406 0.451852 0.013021 0.064815
0 0.313021 0.452315 0.011458 0.060185
0 0.276302 0.454167 0.015104 0.060185
0 0.507552 0.455093 0.017188 0.091667
0 0.309896 0.411574 0.010417 0.039815
0 0.315625 0.411111 0.009375 0.038889
0 0.496615 0.455093 0.010937 0.065741
0 0.286458 0.445370 0.011458 0.050000
