0 0.453385 0.447222 0.036979 0.153704
0 0.387500 0.419907 0.021875 0.115741
0 0.294792 0.410185 0.017708 0.090741
0 0.967187 0.586574 0.064583 0.476852
0 0.008594 0.463426 0.017188 0.199074
0 0.219010 0.421296 0.023438 0.124074
0 0.364583 0.421296 0.021875 0.107407
0 0.365625 0.414352 0.019792 0.091667
0 0.042188 0.452315 0.030208 0.134259
0 0.445312 0.418981 0.020833 0.113889
0 0.398438 0.415278 0.016667 0.102778
0 0.178385 0.411574 0.018229 0.084259
0 0.166146 0.420370 0.014583 0.070370
0 0.194792 0.424537 0.017708 0.087963
0 0.154948 0.409259 0.009896 0.053704
0 0.322917 0.402315 0.013542 0.063889
