0 0.371094 0.550463 0.050521 0.286111
0 0.557813 0.498148 0.019792 0.101852
0 0.576042 0.500926 0.017708 0.105556
0 0.659375 0.459722 0.019792 0.091667
0 0.533333 0.458333 0.019792 0.094444
0 0.579688 0.455556 0.019792 0.100000
0 0.497135 0.456481 0.022396 0.105556
0 0.322135 0.574074 0.068229 0.337037
0 0.417969 0.533796 0.042188 0.226852
0 0.304948 0.559259 0.050521 0.285185
0 0.271615 0.478704 0.017188 0.090741
0 0.266927 0.470370 0.016146 0.096296
0 0.242188 0.480093 0.020833 0.097222
0 0.236719 0.462500 0.019271 0.076852
0 0.318490 0.484259 0.022396 0.125926
0 0.416667 0.510185 0.043750 0.196296
0 0.570312 0.456019 0.015625 0.071296
0 0.391667 0.475463 0.019792 0.112037
0 0.321094 0.459722 0.013021 0.065741
0 0.299219 0.453241 0.011979 0.065741
0 0.321615 0.455556 0.011979 0.066667
0 0.308854 0.410648 0.010417 0.039815
0 0.315104 0.411111 0.009375 0.038889
0 0.527604 0.451389 0.012500 0.063889
0 0.514323 0.458796 0.010937 0.039815
0 0.414062 0.460185 0.016667 0.088889
