0 0.786719 0.660185 0.046354 0.229630
0 0.255729 0.215278 0.037500 0.187963
0 0.153385 0.653241 0.052604 0.236111
0 0.915625 0.519907 0.040625 0.193519
0 0.506771 0.922685 0.040625 0.152778
0 0.350000 0.820833 0.037500 0.230556
0 0.429427 0.218519 0.030729 0.161111
0 0.775000 0.087037 0.026042 0.133333
0 0.576302 0.154167 0.026562 0.147222
0 0.541667 0.167130 0.031250 0.167593
0 0.279427 0.177315 0.023438 0.160185
0 0.503906 0.141667 0.032813 0.161111
0 0.069531 0.410648 0.025521 0.173148
0 0.052344 0.392593 0.041146 0.187037
0 0.448698 0.466667 0.047396 0.201852
0 0.480729 0.472222 0.037500 0.181481
0 0.443490 0.171759 0.027604 0.141667
0 0.398698 0.172685 0.023438 0.156481
0 0.380469 0.073611 0.026562 0.147222
0 0.297135 0.042130 0.021354 0.084259
0 0.139063 0.459722 0.030208 0.180556
0 0.296875 0.506019 0.033333 0.199074
0 0.256771 0.496296 0.032292 0.209259
0 0.277083 0.008796 0.026042 0.017593
0 0.250260 0.011111 0.023438 0.022222
0 0.294010 0.136574 0.023438 0.154630
0 0.178125 0.122685 0.027083 0.149074
0 0.198437 0.182870 0.027083 0.162037
0 0.436719 0.415741 0.034896 0.170370
0 0.161458 0.200000 0.027083 0.157407
0 0.189844 0.165278 0.022396 0.162037
0 0.128646 0.195370 0.028125 0.148148
0 0.139583 0.176852 0.023958 0.170370
0 0.158854 0.165278 0.028125 0.141667
0 0.152083 0.142593 0.028125 0.153704
0 0.117188 0.174074 0.020833 0.159259
0 0.460677 0.031019 0.018229 0.062037
0 0.225781 0.099537 0.027604 0.152778
0 0.219531 0.503241 0.042188 0.210185
0 0.979688 0.609259 0.033333 0.200000
0 0.888542 0.108796 0.029167 0.141667
0 0.816927 0.034259 0.024479 0.068519
0 0.182031 0.887500 0.050521 0.223148
0 0.196615 0.829167 0.040104 0.245370
0 0.226562 0.021759 0.021875 0.043519
0 0.202604 0.020370 0.022917 0.040741
0 0.718229 0.015741 0.028125 0.031481
0 0.650781 0.076852 0.035937 0.085185
