0 0.845313 0.654630 0.050000 0.214815
0 0.220312 0.615278 0.033333 0.226852
0 0.916146 0.518056 0.048958 0.191667
0 0.459635 0.931944 0.043229 0.134259
0 0.351042 0.816667 0.036458 0.231481
0 0.429948 0.211111 0.022396 0.161111
0 0.336979 0.125463 0.020833 0.128704
0 0.173698 0.274537 0.028646 0.162037
0 0.148698 0.271759 0.029687 0.182407
0 0.402865 0.145833 0.024479 0.139815
0 0.404167 0.123611 0.028125 0.158333
0 0.298958 0.040278 0.023958 0.080556
0 0.258073 0.085185 0.022396 0.127778
0 0.305469 0.183796 0.027604 0.162037
0 0.183073 0.059722 0.026562 0.119444
0 0.200000 0.182407 0.025000 0.159259
0 0.163021 0.193519 0.025000 0.155556
0 0.194271 0.165278 0.025000 0.162037
0 0.132292 0.197685 0.025000 0.150926
0 0.121875 0.179630 0.026042 0.170370
0 0.148698 0.166204 0.028646 0.162037
0 0.157552 0.141667 0.027604 0.151852
0 0.118229 0.174074 0.020833 0.159259
0 0.472135 0.029630 0.025521 0.059259
0 0.172917 0.459722 0.038542 0.197222
0 0.255469 0.047222 0.030729 0.094444
0 0.702083 0.850463 0.042708 0.247222
0 0.655208 0.876389 0.045833 0.245370
0 0.852083 0.206019 0.034375 0.167593
0 0.781250 0.198611 0.026042 0.158333
0 0.741927 0.020833 0.022396 0.041667
0 0.781771 0.008333 0.022917 0.016667
0 0.786198 0.072222 0.029687 0.131481
0 0.808333 0.012963 0.026042 0.025926
0 0.264583 0.220370 0.025000 0.162963
0 0.233854 0.222685 0.038542 0.150926
0 0.147135 0.056019 0.024479 0.112037
0 0.229167 0.099537 0.030208 0.147222
0 0.200000 0.097222 0.027083 0.140741
0 0.231510 0.084259 0.024479 0.140741
0 0.838802 0.017593 0.020313 0.035185
0 0.539323 0.040741 0.034896 0.081481
