0 0.827865 0.572685 0.123438 0.384259
0 0.330990 0.535185 0.046354 0.248148
0 0.878385 0.567130 0.094271 0.343519
0 0.558854 0.498148 0.018750 0.101852
0 0.576042 0.500926 0.016667 0.105556
0 0.663281 0.460185 0.017188 0.092593
0 0.538021 0.459259 0.020833 0.107407
0 0.582292 0.457407 0.019792 0.100000
0 0.496094 0.455556 0.022396 0.105556
0 0.268229 0.544907 0.063542 0.267593
0 0.354427 0.516204 0.035937 0.178704
0 0.753125 0.458796 0.034375 0.119444
0 0.813021 0.458796 0.027083 0.113889
0 0.277865 0.541204 0.046354 0.230556
0 0.294010 0.472222 0.018229 0.087037
0 0.228125 0.463889 0.020833 0.077778
0 0.311719 0.484722 0.018229 0.125000
0 0.527083 0.456019 0.016667 0.071296
0 0.343229 0.481944 0.019792 0.121296
0 0.306250 0.416204 0.010417 0.039815
0 0.314583 0.413889 0.009375 0.038889
0 0.540625 0.446759 0.012500 0.063889
0 0.367188 0.456481 0.017708 0.079630
