0 0.500000 0.414815 0.036458 0.155556
0 0.445833 0.387963 0.027083 0.129630
0 0.422917 0.397685 0.025000 0.125000
0 0.780990 0.614352 0.114062 0.625000
0 0.920052 0.608796 0.143229 0.643519
0 0.312760 0.407870 0.032813 0.158333
0 0.449479 0.385185 0.021875 0.116667
0 0.483073 0.387500 0.023438 0.112037
0 0.178125 0.393056 0.026042 0.119444
0 0.627865 0.423148 0.043229 0.235185
0 0.488021 0.385185 0.016667 0.096296
0 0.530208 0.384722 0.017708 0.106481
0 0.242969 0.383796 0.022396 0.117593
0 0.230208 0.387500 0.015625 0.095370
0 0.494271 0.383796 0.020833 0.086111
0 0.480990 0.384722 0.022396 0.095370
0 0.296094 0.393981 0.017188 0.100926
0 0.441667 0.370833 0.013542 0.063889
0 0.068490 0.366204 0.013021 0.065741
0 0.088021 0.388889 0.020833 0.105556
0 0.095833 0.370833 0.014583 0.063889
0 0.335938 0.369444 0.012500 0.053704
0 0.311719 0.368519 0.011979 0.048148
