0 0.828125 0.683796 0.043750 0.223148
0 0.251042 0.185648 0.037500 0.184259
0 0.251302 0.645833 0.052604 0.232407
0 0.915625 0.519907 0.040625 0.193519
0 0.513281 0.925000 0.038021 0.148148
0 0.351042 0.816667 0.036458 0.231481
0 0.429427 0.218519 0.030729 0.161111
0 0.767188 0.056019 0.029167 0.112037
0 0.553646 0.137963 0.026042 0.150000
0 0.522396 0.139352 0.031250 0.167593
0 0.280990 0.168056 0.020313 0.156481
0 0.498958 0.093519 0.031250 0.151852
0 0.069792 0.411111 0.026042 0.174074
0 0.053385 0.392130 0.039062 0.186111
0 0.460156 0.521296 0.044271 0.207407
0 0.486458 0.524074 0.035417 0.188889
0 0.410938 0.156481 0.019792 0.140741
0 0.385677 0.166204 0.028646 0.156481
0 0.381771 0.077315 0.026042 0.141667
0 0.297135 0.042130 0.021354 0.084259
0 0.133594 0.399074 0.029687 0.170370
0 0.276823 0.564815 0.033854 0.200000
0 0.230208 0.560185 0.043750 0.214815
0 0.294271 0.136111 0.025000 0.153704
0 0.183333 0.121759 0.027083 0.149074
0 0.203906 0.179630 0.027604 0.162963
0 0.528125 0.464815 0.032292 0.181481
0 0.163021 0.200000 0.027083 0.157407
0 0.196615 0.167130 0.025521 0.156481
0 0.123177 0.202778 0.027604 0.146296
0 0.129948 0.181481 0.023438 0.174074
0 0.148177 0.155556 0.028646 0.161111
0 0.151562 0.142593 0.028125 0.153704
0 0.117708 0.174074 0.020833 0.159259
0 0.452083 0.042130 0.023958 0.084259
0 0.235677 0.130556 0.029687 0.155556
0 0.242969 0.424537 0.040104 0.197222
0 0.970052 0.551389 0.034896 0.193519
0 0.848437 0.018056 0.025000 0.036111
0 0.916927 0.141204 0.028646 0.143519
0 0.990625 0.133796 0.017708 0.147222
0 0.847656 0.061574 0.026562 0.123148
0 0.235677 0.941204 0.050521 0.115741
0 0.260417 0.906944 0.053125 0.184259
0 0.229687 0.034722 0.022917 0.069444
0 0.206250 0.034259 0.021875 0.068519
0 0.720573 0.015278 0.029687 0.030556
0 0.651302 0.076389 0.034896 0.084259
