0 0.625781 0.612500 0.089063 0.471296
0 0.559375 0.495833 0.020833 0.100926
0 0.575521 0.499537 0.021875 0.102778
0 0.501302 0.450000 0.014063 0.070370
0 0.583594 0.455556 0.020313 0.101852
0 0.523958 0.464352 0.018750 0.100926
0 0.609635 0.656944 0.102604 0.563889
0 0.514844 0.632870 0.074479 0.482407
0 0.209115 0.481019 0.024479 0.102778
0 0.259635 0.471296 0.017188 0.101852
0 0.230208 0.472222 0.015625 0.100000
0 0.225521 0.481019 0.022917 0.095370
0 0.221615 0.464352 0.016146 0.076852
0 0.237760 0.559259 0.075521 0.366667
0 0.102344 0.560185 0.094271 0.305556
0 0.040625 0.604630 0.081250 0.377778
0 0.513281 0.512500 0.042188 0.208333
0 0.569271 0.500463 0.041667 0.200926
0 0.805469 0.456019 0.023438 0.100926
0 0.653906 0.461111 0.022396 0.096296
0 0.485677 0.450000 0.011979 0.064815
0 0.462500 0.448148 0.013542 0.070370
0 0.335417 0.456019 0.013542 0.062037
0 0.367708 0.449537 0.011458 0.060185
0 0.276562 0.453704 0.012500 0.059259
0 0.268229 0.462963 0.013542 0.075926
0 0.280469 0.449537 0.008854 0.047222
0 0.308333 0.451852 0.010417 0.053704
0 0.297396 0.451852 0.009375 0.053704
0 0.297656 0.447685 0.009896 0.054630
0 0.316406 0.447222 0.010937 0.048148
0 0.308854 0.446759 0.010417 0.052778
0 0.289062 0.450463 0.010417 0.054630
0 0.534635 0.455093 0.015104 0.071296
0 0.593229 0.461574 0.019792 0.091667
