0 0.967969 0.650000 0.063021 0.562963
0 0.591146 0.468519 0.018750 0.142593
0 0.568490 0.470370 0.021354 0.114815
0 0.523177 0.456481 0.019271 0.090741
0 0.529948 0.461574 0.020313 0.093519
0 0.481250 0.462500 0.017708 0.091667
0 0.933073 0.686574 0.132812 0.625000
0 0.211198 0.481019 0.024479 0.104630
0 0.229687 0.472685 0.015625 0.097222
0 0.228385 0.473148 0.015104 0.100000
0 0.227865 0.480556 0.022396 0.092593
0 0.230729 0.461574 0.017708 0.076852
0 0.563542 0.514815 0.064583 0.264815
0 0.620052 0.512963 0.044271 0.227778
0 0.634635 0.535185 0.065104 0.253704
0 0.524479 0.512963 0.050000 0.225926
0 0.341667 0.469444 0.017708 0.100000
0 0.653385 0.460648 0.021354 0.106481
0 0.354167 0.466204 0.019792 0.093519
0 0.385156 0.462500 0.020313 0.095370
0 0.313021 0.461574 0.017708 0.076852
0 0.295052 0.462963 0.014063 0.074074
0 0.237760 0.461111 0.010937 0.066667
0 0.282813 0.448611 0.009375 0.052778
0 0.289844 0.460185 0.013021 0.068519
0 0.309896 0.430093 0.009375 0.041667
0 0.310417 0.438889 0.009375 0.040741
0 0.297396 0.423148 0.006250 0.027778
0 0.303385 0.419444 0.006771 0.029630
0 0.409635 0.443981 0.014063 0.052778
0 0.552604 0.457870 0.015625 0.084259
