0 0.380208 0.555556 0.051042 0.301852
0 0.557813 0.498148 0.019792 0.101852
0 0.575781 0.500463 0.018229 0.104630
0 0.651563 0.458796 0.019792 0.091667
0 0.533333 0.457870 0.018750 0.091667
0 0.579167 0.455556 0.019792 0.100000
0 0.502083 0.457407 0.021875 0.105556
0 0.330729 0.586574 0.069792 0.360185
0 0.433594 0.535648 0.049479 0.230556
0 0.323958 0.565278 0.058333 0.302778
0 0.266927 0.480556 0.017188 0.096296
0 0.267969 0.470370 0.017188 0.096296
0 0.235156 0.480556 0.025521 0.096296
0 0.240625 0.462500 0.018750 0.076852
0 0.319792 0.484722 0.022917 0.126852
0 0.442969 0.512500 0.041146 0.206481
0 0.582031 0.456481 0.016146 0.075926
0 0.413802 0.474074 0.019271 0.111111
0 0.304688 0.448148 0.010417 0.055556
0 0.320312 0.458796 0.013542 0.063889
0 0.298438 0.454630 0.012500 0.068519
0 0.320052 0.455093 0.011979 0.065741
0 0.283594 0.454167 0.015104 0.063889
0 0.309375 0.410648 0.010417 0.039815
0 0.315104 0.411111 0.009375 0.038889
0 0.521094 0.452778 0.011979 0.064815
0 0.506510 0.459722 0.010937 0.039815
0 0.419792 0.457870 0.016667 0.084259
0 0.291927 0.446759 0.010937 0.050926
