0 0.696094 0.639815 0.093229 0.496296
0 0.590104 0.475000 0.022917 0.144444
0 0.575521 0.498611 0.022917 0.104630
0 0.486719 0.444907 0.013021 0.058333
0 0.218490 0.668981 0.199479 0.660185
0 0.559896 0.456944 0.019792 0.100926
0 0.527344 0.458796 0.018229 0.091667
0 0.692969 0.685648 0.144271 0.623148
0 0.620573 0.647685 0.080729 0.513889
0 0.210677 0.481481 0.026562 0.105556
0 0.231510 0.473148 0.018229 0.101852
0 0.227344 0.473148 0.015104 0.100000
0 0.226823 0.480556 0.022396 0.094444
0 0.226302 0.463426 0.017188 0.076852
0 0.454688 0.516667 0.043750 0.279630
0 0.453125 0.521296 0.057292 0.240741
0 0.385417 0.543519 0.059375 0.272222
0 0.317448 0.531481 0.065104 0.257407
0 0.775781 0.563889 0.083854 0.338889
0 0.417187 0.475463 0.027083 0.132407
0 0.633854 0.456481 0.017708 0.081481
0 0.545833 0.457870 0.015625 0.076852
0 0.535677 0.454167 0.014063 0.075000
0 0.332292 0.461111 0.017708 0.077778
0 0.385937 0.455093 0.014583 0.073148
0 0.298698 0.454167 0.015104 0.069444
0 0.280469 0.458333 0.013021 0.064815
0 0.250781 0.462037 0.014063 0.070370
0 0.282031 0.452778 0.008854 0.055556
0 0.310937 0.448611 0.009375 0.045370
0 0.311719 0.443056 0.008854 0.045370
0 0.311719 0.443981 0.009896 0.045370
0 0.537760 0.453704 0.014063 0.072222
0 0.586719 0.462037 0.018229 0.092593
