0 0.700000 0.637500 0.093750 0.508333
0 0.589063 0.475000 0.020833 0.144444
0 0.575521 0.496759 0.021875 0.108333
0 0.486719 0.444907 0.013021 0.058333
0 0.145313 0.671759 0.216667 0.654630
0 0.557292 0.456944 0.019792 0.100926
0 0.527344 0.458796 0.018229 0.091667
0 0.712240 0.683796 0.107813 0.626852
0 0.629687 0.656944 0.079167 0.532407
0 0.210677 0.481481 0.026562 0.105556
0 0.231510 0.473611 0.018229 0.100926
0 0.227344 0.473148 0.015104 0.100000
0 0.226823 0.480556 0.022396 0.094444
0 0.226302 0.463426 0.017188 0.076852
0 0.457031 0.517130 0.045312 0.278704
0 0.461458 0.518519 0.051042 0.238889
0 0.402344 0.542130 0.047396 0.275000
0 0.327604 0.529167 0.046875 0.254630
0 0.790104 0.562037 0.068750 0.351852
0 0.412240 0.477315 0.025521 0.130556
0 0.632292 0.456481 0.017708 0.079630
0 0.550000 0.459259 0.015625 0.079630
0 0.538802 0.453241 0.014063 0.076852
0 0.332292 0.461111 0.017708 0.077778
0 0.386719 0.455556 0.015104 0.074074
0 0.300260 0.454167 0.015104 0.069444
0 0.280990 0.458333 0.013021 0.064815
0 0.250260 0.462037 0.014063 0.070370
0 0.282031 0.453241 0.008854 0.056481
0 0.310937 0.448611 0.009375 0.045370
0 0.310937 0.443056 0.009375 0.045370
0 0.311719 0.443981 0.009896 0.045370
0 0.536979 0.453704 0.014583 0.072222
