0 0.858594 0.651852 0.109896 0.544444
0 0.589844 0.471296 0.019271 0.144444
0 0.580469 0.480093 0.025521 0.123148
0 0.507812 0.451852 0.016667 0.077778
0 0.535417 0.465741 0.019792 0.100000
0 0.508594 0.459259 0.018229 0.090741
0 0.920573 0.668981 0.157812 0.660185
0 0.800521 0.688426 0.100000 0.600926
0 0.211719 0.481019 0.025521 0.104630
0 0.229687 0.472685 0.016667 0.099074
0 0.227865 0.473148 0.015104 0.100000
0 0.227865 0.480093 0.022396 0.093519
0 0.228906 0.462500 0.017188 0.076852
0 0.495573 0.517130 0.041146 0.275000
0 0.589844 0.514352 0.050521 0.223148
0 0.546875 0.541204 0.058333 0.256481
0 0.445833 0.520833 0.063542 0.239815
0 0.359635 0.471759 0.022396 0.108333
0 0.623177 0.453704 0.017188 0.079630
0 0.607812 0.463889 0.020833 0.088889
0 0.595573 0.457407 0.018229 0.094444
0 0.346094 0.463889 0.016146 0.087037
0 0.381510 0.458796 0.016146 0.084259
0 0.307031 0.460185 0.017188 0.074074
0 0.290104 0.462500 0.013542 0.069444
0 0.243490 0.460648 0.013021 0.067593
0 0.286198 0.456481 0.009896 0.061111
0 0.308333 0.435648 0.009375 0.043519
0 0.311719 0.443981 0.009896 0.045370
0 0.295052 0.425926 0.006771 0.029630
0 0.302344 0.425000 0.006771 0.029630
0 0.559115 0.458333 0.017188 0.092593
