0 0.714063 0.637500 0.098958 0.510185
0 0.588802 0.474074 0.019271 0.144444
0 0.575521 0.494444 0.020833 0.112963
0 0.487760 0.444907 0.013021 0.060185
0 0.088281 0.682407 0.176563 0.633333
0 0.554167 0.457870 0.019792 0.100926
0 0.526302 0.459259 0.018229 0.090741
0 0.740104 0.682870 0.102083 0.632407
0 0.639583 0.661574 0.082292 0.541667
0 0.211198 0.481481 0.026562 0.105556
0 0.230990 0.473611 0.018229 0.100926
0 0.227344 0.473148 0.015104 0.100000
0 0.226823 0.480556 0.022396 0.094444
0 0.226823 0.463426 0.017188 0.076852
0 0.457813 0.518056 0.043750 0.278704
0 0.471354 0.514815 0.043750 0.237037
0 0.414323 0.540741 0.050521 0.275926
0 0.341927 0.529167 0.039062 0.256481
0 0.815104 0.562500 0.065625 0.360185
0 0.405990 0.475000 0.023438 0.129630
0 0.630208 0.456019 0.017708 0.078704
0 0.554688 0.460185 0.015625 0.083333
0 0.544792 0.455556 0.016667 0.077778
0 0.332292 0.461111 0.017708 0.077778
0 0.386979 0.456019 0.014583 0.075000
0 0.301563 0.455093 0.016667 0.071296
0 0.281510 0.458796 0.013021 0.065741
0 0.249219 0.461111 0.014063 0.070370
0 0.282552 0.454167 0.008854 0.058333
0 0.311458 0.449537 0.009375 0.045370
0 0.310156 0.443519 0.008854 0.044444
0 0.311719 0.443981 0.009896 0.045370
0 0.536458 0.453704 0.014583 0.072222
0 0.584635 0.461111 0.018229 0.092593
