0 0.499740 0.585185 0.066146 0.375926
0 0.557552 0.500463 0.020313 0.097222
0 0.575781 0.500463 0.019271 0.104630
0 0.593750 0.462500 0.019792 0.091667
0 0.523698 0.456481 0.018229 0.088889
0 0.581771 0.455093 0.019792 0.100926
0 0.513542 0.462963 0.018750 0.105556
0 0.432552 0.644907 0.107813 0.543519
0 0.589583 0.564352 0.064583 0.306481
0 0.416406 0.595833 0.067187 0.350926
0 0.236979 0.481481 0.022917 0.100000
0 0.276562 0.469907 0.017708 0.100926
0 0.258594 0.472685 0.016146 0.095370
0 0.225521 0.482407 0.022917 0.094444
0 0.252083 0.463426 0.015625 0.076852
0 0.327865 0.500463 0.027604 0.158333
0 0.611719 0.538889 0.069271 0.277778
0 0.642448 0.462037 0.023438 0.092593
0 0.553385 0.472685 0.021354 0.121296
0 0.386198 0.451389 0.009896 0.062037
0 0.394271 0.449537 0.010417 0.065741
0 0.312760 0.448611 0.009896 0.056481
0 0.267448 0.466667 0.010937 0.075926
0 0.315104 0.454630 0.012500 0.057407
0 0.301042 0.456481 0.010417 0.057407
0 0.291667 0.451389 0.012500 0.060185
0 0.321094 0.453241 0.011979 0.052778
0 0.309375 0.450926 0.011458 0.059259
0 0.277604 0.453241 0.014583 0.058333
0 0.518490 0.457407 0.017188 0.090741
0 0.310937 0.415278 0.010417 0.039815
0 0.316146 0.412037 0.009375 0.038889
0 0.282813 0.446296 0.011458 0.050000
