0 0.347396 0.541667 0.046875 0.259259
0 0.558594 0.498148 0.019271 0.101852
0 0.575781 0.500926 0.017188 0.105556
0 0.665365 0.460185 0.017188 0.092593
0 0.533854 0.462037 0.020833 0.107407
0 0.581250 0.456481 0.019792 0.100000
0 0.494531 0.455556 0.022396 0.105556
0 0.283854 0.554167 0.066667 0.297222
0 0.377083 0.522685 0.038542 0.197222
0 0.803906 0.456944 0.026562 0.117593
0 0.283333 0.546759 0.045833 0.256481
0 0.289844 0.471759 0.018229 0.086111
0 0.265625 0.469907 0.014583 0.095370
0 0.228646 0.463889 0.019792 0.077778
0 0.314323 0.483333 0.020313 0.124074
0 0.366406 0.501852 0.034896 0.174074
0 0.545312 0.456019 0.016667 0.071296
0 0.349740 0.480556 0.019271 0.116667
0 0.323958 0.461574 0.013542 0.069444
0 0.303906 0.453704 0.011979 0.066667
0 0.326823 0.457870 0.011979 0.071296
0 0.306771 0.412500 0.010417 0.039815
0 0.314583 0.411111 0.009375 0.038889
0 0.540625 0.449537 0.012500 0.063889
0 0.389323 0.458333 0.017188 0.088889
