0 0.420052 0.563426 0.058854 0.321296
0 0.557552 0.498148 0.020313 0.101852
0 0.576042 0.500463 0.018750 0.104630
0 0.625000 0.460648 0.019792 0.091667
0 0.529687 0.457870 0.018750 0.091667
0 0.578385 0.455093 0.020313 0.100926
0 0.511198 0.458796 0.018229 0.104630
0 0.327865 0.609259 0.097396 0.437037
0 0.474219 0.545833 0.056771 0.265741
0 0.360156 0.578241 0.060937 0.328704
0 0.253385 0.480556 0.016146 0.100000
0 0.271615 0.470370 0.018229 0.098148
0 0.261458 0.471759 0.015625 0.095370
0 0.224219 0.481481 0.030729 0.094444
0 0.252865 0.462500 0.016146 0.076852
0 0.312500 0.489815 0.022917 0.133333
0 0.501302 0.522685 0.038021 0.236111
0 0.601562 0.461574 0.016667 0.082407
0 0.473698 0.465741 0.019271 0.114815
0 0.307812 0.449537 0.010417 0.056481
0 0.317969 0.456944 0.013021 0.062037
0 0.304427 0.458796 0.010937 0.062037
0 0.294010 0.454167 0.013021 0.067593
0 0.315885 0.453241 0.011979 0.062037
0 0.277604 0.453704 0.015625 0.062963
0 0.495573 0.452778 0.016146 0.088889
0 0.309896 0.410648 0.010417 0.039815
0 0.315625 0.411111 0.009375 0.038889
0 0.504427 0.452778 0.011979 0.066667
0 0.288021 0.445370 0.011458 0.050000
