0 0.344271 0.543519 0.050000 0.268519
0 0.558333 0.498148 0.019792 0.101852
0 0.575781 0.500926 0.017188 0.105556
0 0.665365 0.460185 0.017188 0.092593
0 0.533073 0.460648 0.020313 0.102778
0 0.580729 0.456481 0.019792 0.100000
0 0.493490 0.455556 0.022396 0.105556
0 0.304427 0.561111 0.060937 0.301852
0 0.387500 0.523611 0.041667 0.199074
0 0.826042 0.454630 0.026042 0.114815
0 0.290365 0.548148 0.047396 0.262963
0 0.283073 0.473611 0.018229 0.086111
0 0.265885 0.469907 0.015104 0.095370
0 0.254167 0.478241 0.016667 0.093519
0 0.228646 0.463889 0.019792 0.077778
0 0.315625 0.483796 0.020833 0.125000
0 0.379688 0.506019 0.036458 0.180556
0 0.553125 0.456019 0.016667 0.071296
0 0.357812 0.480093 0.019792 0.115741
0 0.322917 0.460648 0.013542 0.067593
0 0.301823 0.454167 0.011979 0.067593
0 0.324740 0.456944 0.011979 0.069444
0 0.307292 0.411574 0.010417 0.039815
0 0.314583 0.411111 0.009375 0.038889
0 0.539062 0.449537 0.012500 0.063889
0 0.398698 0.460185 0.017188 0.088889
