0 0.619531 0.608796 0.085938 0.489815
0 0.571354 0.487500 0.021875 0.117593
0 0.575781 0.499537 0.022396 0.102778
0 0.495312 0.449074 0.013542 0.066667
0 0.583594 0.455093 0.020313 0.102778
0 0.524479 0.461111 0.018750 0.098148
0 0.617188 0.655093 0.114583 0.560185
0 0.542969 0.629167 0.068229 0.476852
0 0.210417 0.481481 0.027083 0.103704
0 0.251563 0.471296 0.017708 0.100000
0 0.227604 0.472222 0.015625 0.100000
0 0.225781 0.481019 0.022396 0.095370
0 0.223438 0.464352 0.016667 0.076852
0 0.345573 0.535185 0.060937 0.316667
0 0.251563 0.541204 0.069792 0.273148
0 0.207813 0.576852 0.087500 0.316667
0 0.101562 0.571759 0.097917 0.332407
0 0.588802 0.527315 0.049479 0.252778
0 0.491667 0.489815 0.030208 0.166667
0 0.659115 0.457407 0.018229 0.088889
0 0.508073 0.456481 0.011979 0.072222
0 0.493229 0.450926 0.013542 0.070370
0 0.331771 0.455556 0.014583 0.066667
0 0.377604 0.450463 0.013542 0.063889
0 0.284896 0.453241 0.012500 0.063889
0 0.274479 0.456019 0.012500 0.062037
0 0.262760 0.462037 0.013021 0.075926
0 0.281250 0.450463 0.009375 0.049074
0 0.308854 0.449074 0.010417 0.048148
0 0.300000 0.450463 0.009375 0.050926
0 0.315365 0.446759 0.009896 0.049074
0 0.310417 0.444907 0.010417 0.049074
0 0.291667 0.449074 0.009375 0.051852
0 0.535937 0.453704 0.013542 0.068519
0 0.586719 0.462037 0.018229 0.092593
