0 0.431771 0.571296 0.061458 0.329630
0 0.557552 0.498148 0.020313 0.101852
0 0.575781 0.500463 0.019271 0.104630
0 0.617188 0.460648 0.019792 0.091667
0 0.529167 0.457870 0.018750 0.091667
0 0.579948 0.455093 0.020313 0.100926
0 0.512760 0.459722 0.018229 0.104630
0 0.343490 0.614815 0.110937 0.448148
0 0.488542 0.550000 0.061458 0.275926
0 0.368490 0.581481 0.060937 0.335185
0 0.252083 0.480556 0.016667 0.100000
0 0.273177 0.471759 0.018229 0.097222
0 0.261979 0.471759 0.015625 0.095370
0 0.226042 0.481481 0.026042 0.094444
0 0.252344 0.462500 0.016146 0.076852
0 0.311198 0.490278 0.024479 0.134259
0 0.519010 0.523611 0.047396 0.245370
0 0.607292 0.462500 0.016667 0.082407
0 0.488542 0.466667 0.018750 0.116667
0 0.308854 0.449537 0.010417 0.056481
0 0.317448 0.456481 0.013021 0.061111
0 0.303385 0.458796 0.010937 0.062037
0 0.292187 0.453241 0.013542 0.067593
0 0.314844 0.453241 0.011979 0.062037
0 0.276823 0.454167 0.015104 0.062037
0 0.500000 0.453704 0.016667 0.088889
0 0.309896 0.411574 0.010417 0.039815
0 0.315625 0.411111 0.009375 0.038889
0 0.501823 0.454630 0.011979 0.066667
0 0.287500 0.445370 0.011458 0.050000
