0 0.362500 0.547222 0.051042 0.281481
0 0.558073 0.498148 0.019271 0.101852
0 0.576042 0.500926 0.017708 0.105556
0 0.664323 0.459722 0.019271 0.091667
0 0.533073 0.459259 0.020313 0.098148
0 0.579948 0.456481 0.020313 0.100000
0 0.495573 0.455556 0.022396 0.105556
0 0.317188 0.575463 0.061458 0.328704
0 0.411198 0.529167 0.042188 0.217593
0 0.296875 0.554167 0.048958 0.276852
0 0.274219 0.475463 0.018229 0.086111
0 0.266667 0.470370 0.015625 0.096296
0 0.247135 0.480093 0.022396 0.093519
0 0.233594 0.462963 0.018229 0.077778
0 0.317448 0.484259 0.022396 0.125926
0 0.405729 0.508796 0.043750 0.189815
0 0.565104 0.456019 0.016667 0.071296
0 0.378646 0.478704 0.019792 0.114815
0 0.321615 0.460185 0.013021 0.066667
0 0.300260 0.453704 0.011979 0.066667
0 0.322656 0.456019 0.011979 0.067593
0 0.308333 0.411574 0.010417 0.039815
0 0.314583 0.411111 0.009375 0.038889
0 0.529167 0.450463 0.012500 0.063889
0 0.517969 0.457870 0.010937 0.039815
0 0.409115 0.460185 0.017188 0.088889
