0 0.567187 0.603704 0.083333 0.429630
0 0.557813 0.498148 0.020833 0.098148
0 0.575521 0.500000 0.020833 0.103704
0 0.593229 0.461574 0.019792 0.091667
0 0.511198 0.450926 0.014063 0.070370
0 0.581771 0.454167 0.019792 0.100926
0 0.523177 0.466204 0.018229 0.104630
0 0.575000 0.658796 0.093750 0.576852
0 0.906771 0.617130 0.080208 0.449074
0 0.501563 0.633796 0.072917 0.487963
0 0.209896 0.481019 0.021875 0.102778
0 0.271875 0.471296 0.019792 0.100000
0 0.236458 0.472222 0.015625 0.100000
0 0.225000 0.481481 0.023958 0.094444
0 0.219792 0.465278 0.015625 0.076852
0 0.030990 0.582407 0.061979 0.424074
0 0.423438 0.507870 0.036458 0.195370
0 0.873958 0.568056 0.073958 0.376852
0 0.722656 0.524074 0.059896 0.257407
0 0.737760 0.459722 0.028646 0.099074
0 0.625781 0.460648 0.024479 0.097222
0 0.446875 0.448148 0.011458 0.064815
0 0.428646 0.448148 0.013542 0.070370
0 0.332552 0.451852 0.009896 0.055556
0 0.353385 0.450000 0.011979 0.055556
0 0.269271 0.465741 0.012500 0.074074
0 0.307292 0.453241 0.011458 0.054630
0 0.297135 0.453704 0.011979 0.053704
0 0.296094 0.449074 0.009896 0.055556
0 0.316406 0.449537 0.011979 0.050926
0 0.307552 0.448611 0.010937 0.056481
0 0.285156 0.451389 0.010937 0.056481
0 0.534635 0.457870 0.015104 0.073148
0 0.315625 0.429167 0.010417 0.039815
