0 0.932031 0.652778 0.115104 0.562963
0 0.590625 0.470370 0.018750 0.144444
0 0.574479 0.473148 0.021875 0.116667
0 0.516406 0.454630 0.018229 0.085185
0 0.532031 0.463889 0.020313 0.100000
0 0.497135 0.457407 0.018229 0.090741
0 0.872656 0.687037 0.124479 0.624074
0 0.211458 0.481019 0.025000 0.104630
0 0.229427 0.472685 0.016146 0.097222
0 0.228385 0.473148 0.015104 0.100000
0 0.227865 0.480093 0.022396 0.093519
0 0.229687 0.461574 0.017708 0.076852
0 0.536979 0.516204 0.039583 0.269444
0 0.611198 0.516204 0.040104 0.225000
0 0.595313 0.539815 0.057292 0.259259
0 0.490104 0.517130 0.051042 0.234259
0 0.348177 0.472222 0.019271 0.103704
0 0.633333 0.457407 0.020833 0.101852
0 0.620052 0.458796 0.019271 0.097222
0 0.352604 0.465278 0.020833 0.089815
0 0.382292 0.460648 0.018750 0.091667
0 0.312240 0.460648 0.018229 0.075000
0 0.292708 0.462037 0.013542 0.074074
0 0.241406 0.461111 0.011979 0.066667
0 0.271354 0.450000 0.011458 0.051852
0 0.288542 0.457407 0.011458 0.062963
0 0.309375 0.432407 0.009375 0.042593
0 0.311719 0.443981 0.009896 0.045370
0 0.297917 0.425000 0.006250 0.029630
0 0.302865 0.422222 0.006771 0.029630
0 0.401302 0.444907 0.014063 0.054630
0 0.553646 0.459259 0.016667 0.079630
