0 0.614844 0.613889 0.093229 0.461111
0 0.557813 0.497222 0.020833 0.098148
0 0.575781 0.500000 0.021354 0.103704
0 0.504948 0.450000 0.014063 0.070370
0 0.583073 0.456019 0.020313 0.100926
0 0.524479 0.464815 0.018750 0.101852
0 0.602604 0.656019 0.098958 0.563889
0 0.508073 0.634722 0.076563 0.489815
0 0.209375 0.480556 0.022917 0.101852
0 0.263281 0.471296 0.018229 0.103704
0 0.231771 0.472222 0.015625 0.100000
0 0.225260 0.481019 0.023438 0.095370
0 0.221094 0.465278 0.016146 0.076852
0 0.166146 0.568519 0.097917 0.385185
0 0.037500 0.568519 0.075000 0.314815
0 0.478125 0.507407 0.039583 0.200000
0 0.620833 0.512500 0.048958 0.234259
0 0.780729 0.457407 0.023958 0.101852
0 0.648698 0.461574 0.024479 0.097222
0 0.472917 0.449074 0.011458 0.064815
0 0.448437 0.447222 0.013542 0.070370
0 0.335677 0.454630 0.011979 0.061111
0 0.362500 0.451389 0.011458 0.058333
0 0.269531 0.462963 0.014063 0.074074
0 0.281250 0.449537 0.008333 0.047222
0 0.307812 0.451852 0.010417 0.053704
0 0.296875 0.451852 0.009375 0.053704
0 0.296615 0.448611 0.009896 0.054630
0 0.316667 0.448148 0.011458 0.048148
0 0.308333 0.447222 0.010417 0.053704
0 0.287500 0.449537 0.010417 0.052778
0 0.534635 0.455556 0.015104 0.072222
0 0.593229 0.461574 0.019792 0.091667
