0 0.619792 0.612963 0.086458 0.459259
0 0.574740 0.485648 0.022396 0.123148
0 0.575521 0.499537 0.022917 0.102778
0 0.493750 0.448611 0.013542 0.065741
0 0.581510 0.455093 0.020313 0.102778
0 0.526823 0.459259 0.018229 0.096296
0 0.610677 0.654630 0.101562 0.559259
0 0.546354 0.629167 0.066667 0.476852
0 0.210938 0.481481 0.027083 0.103704
0 0.247917 0.471759 0.018750 0.100926
0 0.227083 0.472222 0.015625 0.100000
0 0.225781 0.481019 0.022396 0.095370
0 0.223958 0.464352 0.016667 0.076852
0 0.373958 0.533796 0.079167 0.310185
0 0.297917 0.541204 0.077083 0.271296
0 0.247396 0.561574 0.056250 0.302778
0 0.153646 0.562500 0.077083 0.321296
0 0.607812 0.529630 0.050000 0.251852
0 0.472656 0.487963 0.031771 0.162963
0 0.653906 0.457407 0.018229 0.088889
0 0.513281 0.456481 0.014063 0.072222
0 0.501563 0.451852 0.013542 0.072222
0 0.331250 0.457407 0.014583 0.070370
0 0.379688 0.450926 0.012500 0.064815
0 0.286979 0.453704 0.012500 0.064815
0 0.276042 0.456019 0.012500 0.062037
0 0.260677 0.462037 0.013021 0.075926
0 0.280990 0.450463 0.009896 0.049074
0 0.309115 0.448611 0.009896 0.047222
0 0.300260 0.449537 0.008854 0.050926
0 0.315104 0.446759 0.009375 0.049074
0 0.310937 0.444444 0.010417 0.048148
0 0.290104 0.448148 0.009375 0.051852
0 0.536198 0.453241 0.013021 0.067593
0 0.586719 0.462037 0.018229 0.092593
