0 0.410417 0.560648 0.059375 0.315741
0 0.557552 0.498148 0.020313 0.101852
0 0.576042 0.500463 0.018750 0.104630
0 0.629687 0.459722 0.019792 0.091667
0 0.530729 0.457870 0.018750 0.091667
0 0.578385 0.455556 0.020313 0.100000
0 0.510156 0.457870 0.018229 0.104630
0 0.322656 0.609259 0.081771 0.429630
0 0.459896 0.545833 0.043750 0.262037
0 0.352604 0.575463 0.063542 0.321296
0 0.254427 0.480556 0.017188 0.100000
0 0.270573 0.469907 0.018229 0.097222
0 0.261458 0.471759 0.015625 0.095370
0 0.223438 0.481481 0.032292 0.094444
0 0.253385 0.462500 0.016146 0.076852
0 0.314063 0.488889 0.022917 0.133333
0 0.491406 0.519907 0.036979 0.230556
0 0.597656 0.462500 0.017188 0.082407
0 0.462760 0.467130 0.020313 0.115741
0 0.307292 0.449537 0.010417 0.056481
0 0.318490 0.457407 0.013021 0.062963
0 0.305469 0.458796 0.010937 0.062037
0 0.295052 0.454167 0.013021 0.067593
0 0.316667 0.453704 0.011458 0.062963
0 0.278125 0.453704 0.015625 0.062963
0 0.492188 0.451852 0.015625 0.087037
0 0.309896 0.410648 0.010417 0.039815
0 0.315104 0.411111 0.009375 0.038889
0 0.505469 0.451852 0.011979 0.066667
0 0.288542 0.445370 0.011458 0.050000
