0 0.346615 0.543981 0.050521 0.271296
0 0.558333 0.498148 0.019792 0.101852
0 0.576042 0.500926 0.017708 0.105556
0 0.665365 0.460185 0.017188 0.092593
0 0.533073 0.460185 0.020313 0.101852
0 0.580469 0.456481 0.020313 0.100000
0 0.493490 0.455556 0.022396 0.105556
0 0.309375 0.562037 0.056250 0.305556
0 0.395573 0.525000 0.050521 0.203704
0 0.295573 0.548148 0.049479 0.262963
0 0.280990 0.474074 0.018229 0.087037
0 0.266406 0.470370 0.015104 0.096296
0 0.252865 0.478241 0.018229 0.093519
0 0.228906 0.462963 0.019271 0.077778
0 0.315885 0.483796 0.021354 0.125000
0 0.384896 0.507407 0.032292 0.183333
0 0.555208 0.456019 0.016667 0.071296
0 0.362500 0.479630 0.019792 0.116667
0 0.322396 0.460648 0.013542 0.067593
0 0.301563 0.454630 0.012500 0.068519
0 0.324219 0.456944 0.011979 0.069444
0 0.307812 0.411574 0.010417 0.039815
0 0.314583 0.411111 0.009375 0.038889
0 0.537500 0.449537 0.012500 0.063889
0 0.401302 0.460185 0.017188 0.088889
