0 0.879948 0.569907 0.093229 0.406481
0 0.335677 0.536111 0.046354 0.250000
0 0.932552 0.565741 0.115104 0.361111
0 0.558854 0.498148 0.018750 0.101852
0 0.576042 0.500926 0.016667 0.105556
0 0.663802 0.460185 0.017188 0.092593
0 0.537500 0.462037 0.020833 0.107407
0 0.582292 0.457407 0.019792 0.100000
0 0.495052 0.455556 0.022396 0.105556
0 0.276042 0.545370 0.059375 0.268519
0 0.358594 0.517593 0.035937 0.181481
0 0.768229 0.458796 0.031250 0.121296
0 0.822917 0.459722 0.027083 0.112037
0 0.283333 0.540741 0.045833 0.231481
0 0.294010 0.471759 0.018229 0.086111
0 0.265365 0.469444 0.014063 0.094444
0 0.228385 0.463889 0.020313 0.077778
0 0.311719 0.483796 0.018229 0.125000
0 0.531250 0.456019 0.016667 0.071296
0 0.343490 0.483333 0.020313 0.122222
0 0.306250 0.415278 0.010417 0.039815
0 0.314583 0.412037 0.009375 0.038889
0 0.540625 0.446759 0.012500 0.063889
0 0.372396 0.456944 0.017708 0.082407
