0 0.622135 0.609722 0.081771 0.480556
0 0.566406 0.491204 0.021354 0.110185
0 0.575521 0.499537 0.021875 0.102778
0 0.497656 0.449537 0.014063 0.069444
0 0.583854 0.455093 0.019792 0.102778
0 0.523438 0.462963 0.018750 0.098148
0 0.614583 0.656019 0.110417 0.562037
0 0.538542 0.628704 0.068750 0.475926
0 0.209115 0.481481 0.026562 0.103704
0 0.254427 0.471296 0.019271 0.101852
0 0.229167 0.472222 0.015625 0.100000
0 0.225521 0.481019 0.022917 0.095370
0 0.222656 0.464352 0.016146 0.076852
0 0.309375 0.543519 0.067708 0.337037
0 0.190625 0.548148 0.059375 0.288889
0 0.138542 0.583333 0.111458 0.342593
0 0.043229 0.575000 0.086458 0.342593
0 0.548958 0.522222 0.048958 0.237037
0 0.515885 0.496759 0.042188 0.182407
0 0.663021 0.457407 0.020833 0.088889
0 0.501302 0.453241 0.011979 0.065741
0 0.480729 0.449074 0.013542 0.070370
0 0.333854 0.456019 0.014583 0.065741
0 0.375000 0.451389 0.012500 0.062037
0 0.280990 0.454167 0.013021 0.060185
0 0.263542 0.462500 0.011458 0.076852
0 0.281250 0.450926 0.009375 0.048148
0 0.308854 0.450463 0.010417 0.050926
0 0.298958 0.451852 0.009375 0.053704
0 0.315625 0.446759 0.010417 0.049074
0 0.309896 0.445833 0.010417 0.050926
0 0.290365 0.449537 0.009896 0.052778
0 0.535156 0.454167 0.014063 0.069444
0 0.586719 0.462037 0.018229 0.092593
