0 0.914583 0.585648 0.127083 0.436111
0 0.339583 0.535185 0.044792 0.251852
0 0.941406 0.572685 0.116146 0.375000
0 0.558594 0.498148 0.019271 0.101852
0 0.576042 0.500926 0.016667 0.105556
0 0.664323 0.460185 0.017188 0.092593
0 0.536979 0.462037 0.020833 0.107407
0 0.581771 0.457407 0.019792 0.100000
0 0.494531 0.455556 0.022396 0.105556
0 0.277865 0.549074 0.058854 0.275926
0 0.360938 0.518056 0.035417 0.182407
0 0.773698 0.457870 0.032813 0.119444
0 0.825260 0.461111 0.027604 0.112963
0 0.283333 0.542130 0.045833 0.236111
0 0.294010 0.471296 0.018229 0.087037
0 0.265365 0.469444 0.014063 0.094444
0 0.228385 0.463889 0.020313 0.077778
0 0.312500 0.483796 0.019792 0.125000
0 0.534375 0.456019 0.016667 0.071296
0 0.344271 0.481944 0.019792 0.119444
0 0.306250 0.414352 0.010417 0.039815
0 0.314583 0.412037 0.009375 0.038889
0 0.541146 0.447685 0.012500 0.063889
0 0.375521 0.457407 0.017708 0.085185
