0 0.845833 0.654630 0.051042 0.214815
0 0.315104 0.648148 0.034375 0.235185
0 0.916667 0.516667 0.037500 0.196296
0 0.477865 0.943056 0.045312 0.112037
0 0.351042 0.816667 0.036458 0.231481
0 0.422135 0.202315 0.028646 0.160185
0 0.336979 0.125463 0.020833 0.128704
0 0.186458 0.252778 0.027083 0.159259
0 0.159635 0.248148 0.028646 0.177778
0 0.403906 0.140278 0.026562 0.145370
0 0.402344 0.117593 0.031771 0.157407
0 0.300000 0.039815 0.026042 0.079630
0 0.247656 0.044907 0.021354 0.089815
0 0.300521 0.187500 0.031250 0.160185
0 0.174740 0.059259 0.023438 0.118519
0 0.200000 0.179630 0.025000 0.159259
0 0.163021 0.192593 0.026042 0.155556
0 0.191927 0.166667 0.024479 0.161111
0 0.134115 0.200463 0.025521 0.150926
0 0.121615 0.180556 0.025521 0.168519
0 0.147917 0.165278 0.029167 0.162037
0 0.170313 0.150926 0.031250 0.150000
0 0.118229 0.174074 0.020833 0.159259
0 0.467187 0.024074 0.026042 0.048148
0 0.171354 0.564352 0.039583 0.208333
0 0.207552 0.011111 0.030729 0.022222
0 0.598958 0.689815 0.039583 0.227778
0 0.563802 0.714815 0.039062 0.231481
0 0.833594 0.145833 0.030729 0.162037
0 0.765104 0.139815 0.023958 0.148148
0 0.834115 0.051852 0.028646 0.103704
0 0.801823 0.041204 0.023438 0.082407
0 0.789844 0.087037 0.029687 0.135185
0 0.561458 0.015741 0.022917 0.031481
0 0.385677 0.016667 0.022396 0.033333
0 0.277344 0.025926 0.019271 0.051852
0 0.246615 0.283333 0.026562 0.174074
0 0.220833 0.286574 0.036458 0.160185
0 0.145833 0.056019 0.026042 0.112037
0 0.261719 0.155093 0.030729 0.154630
0 0.233594 0.153241 0.028646 0.154630
0 0.260937 0.134722 0.025000 0.149074
0 0.433073 0.030556 0.032813 0.061111
