0 0.530729 0.586574 0.080208 0.393519
0 0.557552 0.499537 0.020313 0.097222
0 0.575781 0.500000 0.020313 0.103704
0 0.591667 0.462500 0.019792 0.091667
0 0.519792 0.454630 0.016667 0.081481
0 0.581771 0.455093 0.019792 0.100926
0 0.515365 0.464815 0.018229 0.105556
0 0.503646 0.659722 0.094792 0.565741
0 0.660417 0.573611 0.060417 0.336111
0 0.443750 0.607870 0.075000 0.410185
0 0.227344 0.481019 0.018229 0.102778
0 0.275521 0.469907 0.016667 0.100926
0 0.254427 0.471759 0.016146 0.095370
0 0.224479 0.481944 0.025000 0.093519
0 0.237500 0.463889 0.015625 0.075926
0 0.349219 0.501389 0.038021 0.169444
0 0.671875 0.544907 0.054167 0.304630
0 0.666146 0.462500 0.025000 0.095370
0 0.577083 0.465278 0.022917 0.106481
0 0.401042 0.451389 0.011458 0.063889
0 0.405729 0.450000 0.010417 0.066667
0 0.318229 0.450463 0.010417 0.054630
0 0.325000 0.450926 0.009375 0.055556
0 0.266667 0.466667 0.011458 0.075926
0 0.312760 0.454630 0.010937 0.057407
0 0.299740 0.456481 0.009896 0.057407
0 0.292448 0.451389 0.011979 0.060185
0 0.319010 0.452315 0.011979 0.052778
0 0.306250 0.450000 0.011458 0.059259
0 0.278646 0.452778 0.014583 0.057407
0 0.523438 0.457407 0.016667 0.085185
0 0.311979 0.419907 0.010417 0.039815
0 0.317708 0.416667 0.009375 0.038889
