0 0.941146 0.651852 0.114583 0.564815
0 0.590625 0.469444 0.018750 0.144444
0 0.573698 0.472685 0.021354 0.115741
0 0.517448 0.454630 0.018229 0.087037
0 0.531510 0.464815 0.020313 0.100000
0 0.495573 0.457407 0.018229 0.090741
0 0.879427 0.686574 0.131771 0.625000
0 0.211458 0.481019 0.025000 0.104630
0 0.229427 0.472685 0.016146 0.097222
0 0.228385 0.473148 0.015104 0.100000
0 0.227865 0.480093 0.022396 0.093519
0 0.229948 0.461574 0.018229 0.076852
0 0.543750 0.515278 0.048958 0.267593
0 0.613802 0.514352 0.048438 0.223148
0 0.597135 0.540741 0.057813 0.259259
0 0.491406 0.516204 0.051562 0.232407
0 0.346875 0.471759 0.019792 0.100926
0 0.637240 0.458333 0.022396 0.100000
0 0.623437 0.460185 0.019792 0.096296
0 0.353646 0.465741 0.021875 0.090741
0 0.382812 0.460648 0.018750 0.091667
0 0.312240 0.460648 0.018229 0.075000
0 0.292969 0.462037 0.014063 0.074074
0 0.241146 0.461111 0.011458 0.066667
0 0.273438 0.449537 0.012500 0.052778
0 0.288542 0.458333 0.011458 0.064815
0 0.309375 0.431944 0.009375 0.041667
0 0.311719 0.443981 0.009896 0.045370
0 0.297917 0.424537 0.006250 0.028704
0 0.302865 0.421296 0.006771 0.029630
0 0.402604 0.444444 0.013542 0.053704
0 0.553646 0.459722 0.016667 0.082407
