0 0.635938 0.495833 0.140625 0.554167
0 0.567969 0.471875 0.057813 0.239583
0 0.065625 0.459375 0.046875 0.197917
0 0.147656 0.457292 0.070312 0.247917
0 0.068750 0.480208 0.078125 0.289583
0 0.235937 0.467708 0.109375 0.431250
0 0.526563 0.455208 0.031250 0.135417
0 0.710156 0.512500 0.273438 0.937500
0 0.842187 0.493750 0.259375 0.862500
0 0.367969 0.482292 0.092188 0.431250
0 0.124219 0.458333 0.057813 0.212500
0 0.204687 0.456250 0.068750 0.212500
0 0.882031 0.498958 0.232813 0.997917
0 0.434375 0.504167 0.162500 0.558333
