0 0.660156 0.615278 0.089063 0.482407
0 0.584896 0.478241 0.022917 0.137963
0 0.575521 0.499537 0.022917 0.102778
0 0.488802 0.446759 0.013021 0.060185
0 0.564844 0.663426 0.202604 0.671296
0 0.569792 0.455556 0.019792 0.101852
0 0.527344 0.458796 0.018229 0.093519
0 0.643490 0.681481 0.119271 0.620370
0 0.575260 0.634722 0.078646 0.486111
0 0.210156 0.481481 0.026562 0.105556
0 0.233333 0.473148 0.017708 0.101852
0 0.227083 0.473148 0.015625 0.100000
0 0.226302 0.480556 0.022396 0.094444
0 0.225260 0.463426 0.017188 0.076852
0 0.433333 0.519444 0.044792 0.281481
0 0.405469 0.530556 0.068229 0.248148
0 0.335417 0.550000 0.060417 0.287037
0 0.268229 0.543056 0.059375 0.284259
0 0.713542 0.547222 0.089583 0.303704
0 0.434896 0.479167 0.027083 0.141667
0 0.640365 0.456944 0.018229 0.084259
0 0.532813 0.456944 0.016667 0.075000
0 0.521094 0.452315 0.013021 0.071296
0 0.331510 0.460648 0.015104 0.073148
0 0.383854 0.453241 0.013542 0.069444
0 0.293750 0.455093 0.013542 0.067593
0 0.278385 0.457407 0.013021 0.062963
0 0.253906 0.461574 0.013021 0.071296
0 0.281510 0.450926 0.009896 0.051852
0 0.310937 0.447685 0.009375 0.045370
0 0.314323 0.443056 0.008854 0.045370
0 0.311719 0.443981 0.009896 0.045370
0 0.538021 0.454167 0.012500 0.071296
0 0.586719 0.462037 0.018229 0.092593
