0 0.920052 0.653241 0.114062 0.560185
0 0.590365 0.470370 0.019271 0.144444
0 0.575521 0.474537 0.022917 0.117593
0 0.515104 0.454167 0.017708 0.084259
0 0.533073 0.463889 0.020313 0.100000
0 0.499479 0.458333 0.017708 0.090741
0 0.864062 0.687500 0.114583 0.623148
0 0.211458 0.481019 0.025000 0.104630
0 0.229427 0.473148 0.016146 0.098148
0 0.228125 0.473148 0.015625 0.100000
0 0.227865 0.480093 0.022396 0.093519
0 0.229687 0.461574 0.017708 0.076852
0 0.525000 0.516204 0.048958 0.271296
0 0.606510 0.515278 0.039062 0.223148
0 0.590104 0.539815 0.053125 0.259259
0 0.479948 0.516204 0.040104 0.232407
0 0.348958 0.470370 0.018750 0.107407
0 0.629948 0.457407 0.022396 0.100000
0 0.615885 0.456944 0.019271 0.097222
0 0.351042 0.465278 0.018750 0.089815
0 0.381510 0.460185 0.018229 0.090741
0 0.312240 0.460648 0.018229 0.075000
0 0.292448 0.462037 0.014063 0.072222
0 0.241927 0.461574 0.013021 0.067593
0 0.269010 0.449537 0.010937 0.050926
0 0.287240 0.457407 0.010937 0.062963
0 0.309115 0.433333 0.009896 0.042593
0 0.311719 0.443981 0.009896 0.045370
0 0.298177 0.425926 0.006771 0.029630
0 0.302865 0.422222 0.006771 0.029630
0 0.399479 0.444907 0.013542 0.054630
0 0.553646 0.459259 0.016667 0.079630
