0 0.377865 0.553704 0.050521 0.294444
0 0.557813 0.498148 0.019792 0.101852
0 0.575781 0.500463 0.018229 0.104630
0 0.655208 0.458796 0.019792 0.091667
0 0.533594 0.457407 0.019271 0.092593
0 0.579427 0.455556 0.020313 0.100000
0 0.498437 0.456481 0.021875 0.105556
0 0.325781 0.585648 0.068229 0.349074
0 0.428125 0.533796 0.047917 0.226852
0 0.317708 0.557870 0.057292 0.287963
0 0.268490 0.481019 0.017188 0.095370
0 0.267708 0.470370 0.016667 0.096296
0 0.238542 0.480556 0.022917 0.094444
0 0.239583 0.462500 0.018750 0.076852
0 0.319271 0.484722 0.022917 0.126852
0 0.435156 0.512500 0.040104 0.202778
0 0.578906 0.455556 0.016146 0.074074
0 0.405469 0.474537 0.019271 0.112037
0 0.320573 0.459259 0.013021 0.064815
0 0.298438 0.454167 0.012500 0.067593
0 0.320573 0.455093 0.011979 0.065741
0 0.284115 0.454630 0.014063 0.064815
0 0.309375 0.410648 0.010417 0.039815
0 0.315104 0.411111 0.009375 0.038889
0 0.523698 0.452778 0.011979 0.064815
0 0.510156 0.459722 0.010937 0.039815
0 0.417969 0.459259 0.016146 0.087037
0 0.292969 0.447222 0.010937 0.051852
