0 0.524479 0.586111 0.075000 0.392593
0 0.557552 0.499537 0.020313 0.097222
0 0.575781 0.500000 0.020313 0.103704
0 0.591667 0.462500 0.019792 0.091667
0 0.520312 0.455093 0.016667 0.082407
0 0.581771 0.455093 0.019792 0.100926
0 0.515104 0.464352 0.018750 0.104630
0 0.494010 0.653704 0.104688 0.553704
0 0.650521 0.572222 0.058333 0.333333
0 0.440104 0.607870 0.078125 0.408333
0 0.227865 0.481019 0.018229 0.102778
0 0.275521 0.469907 0.016667 0.100926
0 0.254948 0.471759 0.016146 0.095370
0 0.224479 0.481944 0.025000 0.093519
0 0.241667 0.463889 0.015625 0.075926
0 0.348177 0.501852 0.039062 0.168519
0 0.663802 0.545370 0.060937 0.301852
0 0.663021 0.462037 0.025000 0.094444
0 0.573958 0.465741 0.021875 0.107407
0 0.398958 0.451389 0.010417 0.063889
0 0.404948 0.450463 0.009896 0.067593
0 0.317448 0.450463 0.009896 0.054630
0 0.323437 0.450926 0.009375 0.055556
0 0.266667 0.466667 0.011458 0.075926
0 0.313281 0.454630 0.010937 0.057407
0 0.300260 0.456481 0.009896 0.057407
0 0.292448 0.451389 0.011979 0.060185
0 0.319531 0.452315 0.011979 0.052778
0 0.306250 0.450000 0.011458 0.059259
0 0.278646 0.452778 0.014583 0.057407
0 0.522656 0.457407 0.016146 0.085185
0 0.311979 0.419907 0.010417 0.039815
0 0.317708 0.415741 0.009375 0.038889
