0 0.428125 0.568519 0.060417 0.327778
0 0.557552 0.498148 0.020313 0.101852
0 0.576042 0.500463 0.018750 0.104630
0 0.619792 0.460648 0.019792 0.091667
0 0.529167 0.457870 0.018750 0.091667
0 0.579427 0.455093 0.020313 0.100926
0 0.512240 0.459722 0.018229 0.104630
0 0.339062 0.612963 0.115625 0.444444
0 0.485677 0.548148 0.063021 0.272222
0 0.367188 0.582407 0.058333 0.337037
0 0.252865 0.480556 0.016146 0.100000
0 0.273177 0.471759 0.018229 0.097222
0 0.261979 0.471759 0.015625 0.095370
0 0.226042 0.481481 0.027083 0.094444
0 0.252344 0.462500 0.016146 0.076852
0 0.311458 0.489815 0.023958 0.133333
0 0.511979 0.522685 0.040625 0.243519
0 0.605729 0.462500 0.016667 0.082407
0 0.484115 0.469444 0.019271 0.122222
0 0.308594 0.449537 0.009896 0.056481
0 0.317708 0.456944 0.013542 0.062037
0 0.303385 0.458796 0.010937 0.062037
0 0.292708 0.453241 0.013542 0.067593
0 0.315104 0.453241 0.011458 0.062037
0 0.276823 0.454167 0.015104 0.062037
0 0.498698 0.453704 0.016146 0.088889
0 0.309896 0.411574 0.010417 0.039815
0 0.315625 0.411111 0.009375 0.038889
0 0.502865 0.454630 0.011979 0.066667
0 0.288021 0.445370 0.011458 0.050000
