0 0.853646 0.694907 0.044792 0.225000
0 0.255729 0.156944 0.035417 0.178704
0 0.357812 0.630093 0.056250 0.226852
0 0.915365 0.519907 0.041146 0.193519
0 0.532292 0.917593 0.046875 0.162963
0 0.351042 0.816667 0.036458 0.231481
0 0.429427 0.218981 0.030729 0.160185
0 0.761719 0.036111 0.026562 0.072222
0 0.540885 0.115741 0.027604 0.148148
0 0.510677 0.104630 0.031771 0.161111
0 0.274219 0.147222 0.025521 0.155556
0 0.493490 0.060648 0.028646 0.121296
0 0.070052 0.410648 0.026562 0.173148
0 0.054688 0.392130 0.036458 0.186111
0 0.463021 0.575463 0.042708 0.213889
0 0.497917 0.582870 0.039583 0.199074
0 0.406510 0.160648 0.031771 0.112037
0 0.382812 0.163426 0.029167 0.154630
0 0.382812 0.066667 0.027083 0.133333
0 0.297135 0.042130 0.021354 0.084259
0 0.121615 0.350926 0.027604 0.168519
0 0.245573 0.637963 0.036979 0.209259
0 0.192969 0.629167 0.049479 0.230556
0 0.296094 0.135185 0.029687 0.151852
0 0.182031 0.127315 0.031771 0.150926
0 0.200521 0.180556 0.027083 0.162963
0 0.604948 0.528241 0.042188 0.184259
0 0.161458 0.195833 0.027083 0.156481
0 0.193750 0.162963 0.026042 0.161111
0 0.129167 0.201852 0.029167 0.144444
0 0.134115 0.187963 0.033854 0.155556
0 0.149479 0.155556 0.029167 0.161111
0 0.147656 0.142130 0.024479 0.152778
0 0.117708 0.174074 0.020833 0.159259
0 0.445052 0.054167 0.028646 0.108333
0 0.236979 0.156019 0.029167 0.162037
0 0.252865 0.358796 0.042188 0.193519
0 0.941406 0.492593 0.035937 0.192593
0 0.819792 0.031019 0.027083 0.062037
0 0.941667 0.178241 0.036458 0.150926
0 0.946615 0.135648 0.032813 0.154630
0 0.871094 0.109259 0.035937 0.153704
0 0.319531 0.967593 0.045312 0.062963
0 0.233854 0.044907 0.023958 0.089815
0 0.206510 0.048148 0.032813 0.096296
0 0.722135 0.014815 0.032813 0.029630
0 0.651302 0.075926 0.033854 0.083333
