0 0.644531 0.616667 0.091146 0.477778
0 0.581771 0.480556 0.022917 0.133333
0 0.575521 0.499537 0.022917 0.102778
0 0.489583 0.448611 0.013542 0.063889
0 0.871875 0.649074 0.255208 0.700000
0 0.575521 0.455093 0.019792 0.102778
0 0.527344 0.458796 0.018229 0.093519
0 0.611198 0.683796 0.105729 0.625000
0 0.560677 0.634259 0.074479 0.487037
0 0.210156 0.481944 0.026562 0.104630
0 0.238021 0.473148 0.018750 0.101852
0 0.227083 0.473148 0.015625 0.100000
0 0.226302 0.481019 0.022396 0.095370
0 0.225000 0.463426 0.016667 0.076852
0 0.417187 0.528704 0.055208 0.294444
0 0.370312 0.529630 0.045833 0.255556
0 0.317969 0.553704 0.071354 0.294444
0 0.240885 0.549074 0.056771 0.294444
0 0.668490 0.541667 0.058854 0.298148
0 0.445052 0.479167 0.027604 0.147222
0 0.644010 0.457407 0.018229 0.085185
0 0.525781 0.457407 0.017188 0.075926
0 0.514844 0.452315 0.013021 0.071296
0 0.331250 0.459722 0.014583 0.071296
0 0.382812 0.452315 0.012500 0.067593
0 0.290885 0.455556 0.013021 0.066667
0 0.277604 0.456944 0.012500 0.062037
0 0.255990 0.461111 0.014063 0.072222
0 0.281250 0.450000 0.010417 0.050000
0 0.310417 0.447685 0.009375 0.045370
0 0.300260 0.449537 0.008854 0.050926
0 0.314323 0.443981 0.008854 0.047222
0 0.311719 0.443519 0.009896 0.046296
0 0.535937 0.454167 0.013542 0.071296
0 0.586719 0.462037 0.018229 0.092593
