0 0.636979 0.615741 0.090625 0.472222
0 0.579688 0.481944 0.022917 0.130556
0 0.575521 0.499537 0.022917 0.102778
0 0.490625 0.449074 0.013542 0.064815
0 0.968490 0.662963 0.061979 0.672222
0 0.578646 0.455093 0.019792 0.102778
0 0.527344 0.458796 0.018229 0.095370
0 0.601823 0.668981 0.101562 0.595370
0 0.554948 0.632870 0.073438 0.484259
0 0.210156 0.481944 0.026562 0.104630
0 0.241406 0.472685 0.019271 0.102778
0 0.227083 0.473148 0.015625 0.100000
0 0.226302 0.481019 0.022396 0.095370
0 0.224479 0.463426 0.016667 0.076852
0 0.405208 0.527778 0.059375 0.300000
0 0.354687 0.532870 0.071875 0.258333
0 0.294010 0.556481 0.051562 0.296296
0 0.210938 0.552778 0.085417 0.300000
0 0.654687 0.541667 0.059375 0.285185
0 0.452083 0.479630 0.028125 0.151852
0 0.646615 0.457407 0.018229 0.087037
0 0.522135 0.457870 0.016146 0.075000
0 0.511719 0.452315 0.013021 0.071296
0 0.331250 0.458796 0.014583 0.071296
0 0.381771 0.451852 0.012500 0.066667
0 0.289323 0.454630 0.013021 0.066667
0 0.277083 0.456019 0.012500 0.062037
0 0.257292 0.461574 0.013542 0.075000
0 0.280990 0.450000 0.009896 0.050000
0 0.309896 0.448148 0.009375 0.046296
0 0.300781 0.449537 0.008854 0.050926
0 0.314583 0.444907 0.009375 0.047222
0 0.311458 0.443981 0.010417 0.047222
0 0.536198 0.455556 0.015104 0.072222
0 0.586719 0.462037 0.018229 0.092593
