0 0.829948 0.573611 0.120313 0.386111
0 0.331510 0.535648 0.046354 0.249074
0 0.883594 0.566204 0.094271 0.345370
0 0.558854 0.498148 0.018750 0.101852
0 0.576042 0.500926 0.016667 0.105556
0 0.663281 0.460185 0.017188 0.092593
0 0.538021 0.460185 0.020833 0.107407
0 0.582292 0.457407 0.019792 0.100000
0 0.495833 0.455556 0.021875 0.105556
0 0.269010 0.544907 0.063021 0.267593
0 0.354948 0.516204 0.035937 0.178704
0 0.753906 0.457870 0.035937 0.119444
0 0.814063 0.458796 0.027083 0.113889
0 0.278385 0.541204 0.046354 0.230556
0 0.294010 0.472222 0.018229 0.087037
0 0.228125 0.463889 0.020833 0.077778
0 0.311719 0.484722 0.018229 0.125000
0 0.527604 0.456019 0.016667 0.071296
0 0.342969 0.481481 0.020313 0.120370
0 0.306250 0.416204 0.010417 0.039815
0 0.314583 0.412963 0.009375 0.038889
0 0.540625 0.446759 0.012500 0.063889
0 0.367708 0.456481 0.017708 0.079630
