0 0.913802 0.653241 0.114062 0.558333
0 0.590365 0.470370 0.019271 0.144444
0 0.576042 0.475000 0.022917 0.118519
0 0.514323 0.453704 0.017188 0.083333
0 0.533333 0.463889 0.019792 0.100000
0 0.501042 0.458333 0.017708 0.090741
0 0.975781 0.677315 0.047396 0.643519
0 0.857292 0.687963 0.105208 0.622222
0 0.211458 0.481019 0.025000 0.104630
0 0.229427 0.472685 0.016146 0.099074
0 0.228125 0.473148 0.015625 0.100000
0 0.227865 0.480093 0.022396 0.093519
0 0.229687 0.461574 0.017708 0.076852
0 0.520312 0.516204 0.056250 0.271296
0 0.604427 0.515278 0.039062 0.223148
0 0.585938 0.539815 0.048958 0.259259
0 0.476302 0.516667 0.039062 0.233333
0 0.349479 0.470370 0.018750 0.107407
0 0.628906 0.457407 0.024479 0.100000
0 0.614062 0.456481 0.018750 0.098148
0 0.350260 0.465278 0.018229 0.089815
0 0.381250 0.460185 0.017708 0.090741
0 0.311198 0.459722 0.018229 0.075000
0 0.292187 0.462037 0.013542 0.072222
0 0.241927 0.461574 0.013021 0.067593
0 0.268229 0.449074 0.011458 0.051852
0 0.286979 0.457407 0.010417 0.062963
0 0.309115 0.433333 0.009896 0.042593
0 0.311719 0.443981 0.009896 0.045370
0 0.297656 0.425926 0.006771 0.029630
0 0.302344 0.422222 0.006771 0.029630
0 0.398438 0.444907 0.013542 0.054630
0 0.553646 0.459259 0.016667 0.079630
