0 0.384115 0.554630 0.051562 0.300000
0 0.557813 0.498148 0.019792 0.101852
0 0.575781 0.500463 0.018229 0.104630
0 0.646354 0.458796 0.019792 0.091667
0 0.532292 0.457870 0.018750 0.091667
0 0.578906 0.455556 0.020313 0.100000
0 0.505990 0.456481 0.021354 0.105556
0 0.335677 0.590278 0.072396 0.376852
0 0.440365 0.536574 0.046354 0.241667
0 0.328906 0.569907 0.057813 0.312037
0 0.264844 0.481019 0.018229 0.097222
0 0.268229 0.470370 0.017708 0.096296
0 0.230469 0.480556 0.031771 0.094444
0 0.243490 0.461574 0.018229 0.076852
0 0.320312 0.484722 0.022917 0.126852
0 0.452604 0.510648 0.038542 0.215741
0 0.585938 0.458796 0.016667 0.078704
0 0.423177 0.472222 0.023438 0.116667
0 0.305469 0.448611 0.010937 0.056481
0 0.319792 0.458796 0.013542 0.063889
0 0.297917 0.454630 0.012500 0.068519
0 0.319010 0.454630 0.011979 0.064815
0 0.282813 0.454167 0.015625 0.063889
0 0.309896 0.410648 0.010417 0.039815
0 0.315104 0.411111 0.009375 0.038889
0 0.515365 0.451389 0.011979 0.065741
0 0.502865 0.459722 0.010937 0.039815
0 0.422135 0.456944 0.016146 0.080556
0 0.291146 0.445833 0.011458 0.050926
