0 0.625000 0.612037 0.088542 0.472222
0 0.560417 0.495370 0.020833 0.101852
0 0.575521 0.499537 0.021875 0.102778
0 0.500781 0.450000 0.014063 0.070370
0 0.583594 0.455556 0.020313 0.101852
0 0.523958 0.463889 0.018750 0.100000
0 0.610938 0.656481 0.105208 0.562963
0 0.516667 0.631944 0.073958 0.478704
0 0.209115 0.481019 0.024479 0.102778
0 0.259115 0.471296 0.017188 0.101852
0 0.230208 0.472222 0.015625 0.100000
0 0.225521 0.481019 0.022917 0.095370
0 0.221875 0.464352 0.016667 0.076852
0 0.251042 0.558796 0.088542 0.363889
0 0.110156 0.556481 0.084896 0.301852
0 0.053906 0.604630 0.107813 0.379630
0 0.521615 0.514815 0.044271 0.212963
0 0.563021 0.499537 0.040625 0.199074
0 0.808594 0.456019 0.023438 0.100926
0 0.654948 0.461111 0.022396 0.096296
0 0.487760 0.450926 0.011979 0.064815
0 0.464583 0.448148 0.013542 0.070370
0 0.334635 0.456481 0.014063 0.062963
0 0.368750 0.449537 0.011458 0.060185
0 0.277083 0.453704 0.012500 0.059259
0 0.267708 0.462963 0.013542 0.075926
0 0.280990 0.450463 0.008854 0.047222
0 0.308333 0.451852 0.010417 0.053704
0 0.297396 0.451852 0.009375 0.053704
0 0.297656 0.447222 0.009896 0.055556
0 0.316406 0.447222 0.010937 0.048148
0 0.308854 0.446759 0.010417 0.052778
0 0.289062 0.450463 0.010417 0.054630
0 0.534896 0.455093 0.014583 0.071296
0 0.593229 0.461574 0.019792 0.091667
