0 0.621354 0.611574 0.089583 0.478704
0 0.563281 0.493519 0.021354 0.105556
0 0.575521 0.499537 0.021875 0.102778
0 0.499219 0.450000 0.014063 0.070370
0 0.583594 0.455093 0.020313 0.102778
0 0.523698 0.463426 0.018229 0.099074
0 0.613021 0.656019 0.109375 0.562037
0 0.525521 0.629167 0.075000 0.475000
0 0.208854 0.481481 0.025000 0.103704
0 0.257031 0.471296 0.018229 0.101852
0 0.229687 0.472222 0.015625 0.100000
0 0.225521 0.481019 0.022917 0.095370
0 0.222135 0.464352 0.016146 0.076852
0 0.264583 0.556481 0.097917 0.350000
0 0.158073 0.555093 0.072396 0.299074
0 0.084635 0.588426 0.071354 0.365741
0 0.530469 0.521759 0.045312 0.219444
0 0.540104 0.498611 0.041667 0.191667
0 0.818750 0.455093 0.023958 0.100926
0 0.659635 0.459722 0.022396 0.093519
0 0.494531 0.450926 0.011979 0.064815
0 0.473958 0.449074 0.013542 0.070370
0 0.334115 0.456481 0.014063 0.064815
0 0.371615 0.450463 0.011979 0.060185
0 0.279167 0.453704 0.012500 0.059259
0 0.265625 0.462500 0.012500 0.076852
0 0.281250 0.450926 0.009375 0.048148
0 0.308854 0.450926 0.010417 0.051852
0 0.298438 0.451852 0.009375 0.053704
0 0.297396 0.446759 0.009375 0.052778
0 0.316146 0.447222 0.010417 0.048148
0 0.309375 0.446296 0.010417 0.051852
0 0.289323 0.449537 0.009896 0.052778
0 0.534896 0.454630 0.014583 0.070370
0 0.587500 0.461574 0.018750 0.091667
