0 0.412240 0.561111 0.058854 0.316667
0 0.557552 0.498148 0.020313 0.101852
0 0.576042 0.500463 0.018750 0.104630
0 0.629167 0.459722 0.019792 0.091667
0 0.530208 0.457870 0.018750 0.091667
0 0.578385 0.455556 0.020313 0.100000
0 0.510156 0.457870 0.018229 0.104630
0 0.322135 0.608796 0.082812 0.430556
0 0.460417 0.545370 0.043750 0.262963
0 0.353906 0.575926 0.063021 0.322222
0 0.254167 0.480556 0.017708 0.100000
0 0.270573 0.469907 0.018229 0.097222
0 0.261458 0.471759 0.015625 0.095370
0 0.223438 0.481481 0.032292 0.094444
0 0.253385 0.462500 0.016146 0.076852
0 0.313542 0.488889 0.022917 0.133333
0 0.493750 0.521296 0.038542 0.231481
0 0.598177 0.462037 0.017188 0.083333
0 0.464583 0.468056 0.020833 0.117593
0 0.307552 0.449537 0.009896 0.056481
0 0.318490 0.457407 0.013021 0.062963
0 0.304948 0.458796 0.010937 0.062037
0 0.295052 0.454167 0.013021 0.067593
0 0.316667 0.453704 0.011458 0.062963
0 0.278125 0.453704 0.015625 0.062963
0 0.492708 0.452315 0.015625 0.087963
0 0.309896 0.410648 0.010417 0.039815
0 0.315104 0.411111 0.009375 0.038889
0 0.505469 0.451852 0.011979 0.066667
0 0.288542 0.445370 0.011458 0.050000
