0 0.484896 0.577315 0.072917 0.356481
0 0.557292 0.499074 0.019792 0.100000
0 0.575781 0.500463 0.019271 0.104630
0 0.596875 0.462500 0.019792 0.091667
0 0.525000 0.457407 0.018750 0.090741
0 0.581771 0.455093 0.019792 0.100926
0 0.512760 0.462500 0.018229 0.104630
0 0.409115 0.647222 0.084896 0.533333
0 0.574740 0.561111 0.084896 0.296296
0 0.409896 0.595833 0.066667 0.349074
0 0.240885 0.481481 0.020313 0.100000
0 0.275781 0.471759 0.016146 0.099074
0 0.259635 0.472685 0.016146 0.095370
0 0.224740 0.481944 0.024479 0.095370
0 0.250521 0.462500 0.015625 0.076852
0 0.321875 0.497685 0.028125 0.156481
0 0.590104 0.529167 0.047917 0.265741
0 0.633333 0.460648 0.018750 0.089815
0 0.541927 0.465278 0.023438 0.106481
0 0.382031 0.451389 0.009896 0.062037
0 0.389583 0.449074 0.010417 0.064815
0 0.311719 0.448611 0.009896 0.056481
0 0.267708 0.466667 0.010417 0.075926
0 0.315365 0.455093 0.013021 0.058333
0 0.301042 0.456481 0.010417 0.057407
0 0.291146 0.451852 0.012500 0.061111
0 0.322135 0.454167 0.011979 0.052778
0 0.310937 0.450926 0.011458 0.059259
0 0.277344 0.453704 0.015104 0.059259
0 0.515885 0.457870 0.017188 0.091667
0 0.310417 0.414352 0.010417 0.039815
0 0.315625 0.411111 0.009375 0.038889
0 0.284375 0.446296 0.011458 0.050000
