0 0.843229 0.651852 0.045833 0.220370
0 0.256771 0.062037 0.031250 0.124074
0 0.388542 0.643981 0.038542 0.226852
0 0.915365 0.520833 0.042188 0.193519
0 0.544271 0.927315 0.039583 0.143519
0 0.351042 0.816667 0.036458 0.231481
0 0.433073 0.212500 0.030729 0.158333
0 0.522396 0.037500 0.026042 0.075000
0 0.494271 0.038426 0.028125 0.076852
0 0.333333 0.127315 0.020833 0.132407
0 0.128385 0.344444 0.031771 0.172222
0 0.095833 0.331481 0.030208 0.190741
0 0.578125 0.884259 0.066667 0.229630
0 0.614844 0.886574 0.050521 0.225000
0 0.403906 0.145833 0.021354 0.139815
0 0.441406 0.136111 0.026562 0.151852
0 0.297135 0.041204 0.021354 0.082407
0 0.251823 0.179630 0.025521 0.146296
0 0.150781 0.936574 0.043229 0.125000
0 0.179688 0.906019 0.052083 0.186111
0 0.303646 0.184722 0.025000 0.160185
0 0.171875 0.093519 0.029167 0.148148
0 0.200521 0.183333 0.027083 0.161111
0 0.163281 0.193056 0.025521 0.156481
0 0.196094 0.162500 0.024479 0.163889
0 0.125521 0.200926 0.025000 0.148148
0 0.121094 0.179167 0.026562 0.167593
0 0.163021 0.166667 0.028125 0.153704
0 0.157031 0.144907 0.026562 0.147222
0 0.118229 0.174074 0.020833 0.159259
0 0.468490 0.047685 0.025521 0.095370
0 0.213542 0.323148 0.034375 0.177778
0 0.260677 0.146296 0.030729 0.164815
0 0.878646 0.319907 0.040625 0.184259
0 0.827865 0.305093 0.030729 0.171296
0 0.786458 0.070370 0.030208 0.131481
0 0.978125 0.325926 0.033333 0.164815
0 0.871615 0.060648 0.027604 0.121296
0 0.826823 0.058796 0.027604 0.117593
0 0.232292 0.132870 0.022917 0.154630
0 0.208333 0.140741 0.027083 0.138889
0 0.198698 0.030556 0.024479 0.061111
0 0.238021 0.043981 0.027083 0.087963
0 0.203906 0.041667 0.026562 0.083333
0 0.250260 0.033333 0.023438 0.066667
