0 0.568229 0.603241 0.083333 0.426852
0 0.557813 0.498148 0.020833 0.098148
0 0.575521 0.500000 0.020833 0.103704
0 0.593229 0.461574 0.019792 0.091667
0 0.511719 0.450926 0.014063 0.070370
0 0.581771 0.454167 0.019792 0.100926
0 0.521875 0.466204 0.018750 0.104630
0 0.565365 0.662963 0.078646 0.585185
0 0.881250 0.612037 0.087500 0.435185
0 0.500260 0.628241 0.074479 0.476852
0 0.209896 0.481019 0.021875 0.102778
0 0.273438 0.471296 0.016667 0.100000
0 0.237500 0.472685 0.015625 0.099074
0 0.225000 0.481481 0.023958 0.094444
0 0.219271 0.465278 0.015625 0.076852
0 0.418229 0.506481 0.036458 0.192593
0 0.850000 0.564352 0.084375 0.371296
0 0.740625 0.519907 0.052083 0.265741
0 0.733333 0.459722 0.026042 0.099074
0 0.621615 0.462037 0.024479 0.098148
0 0.444271 0.448148 0.011458 0.064815
0 0.426563 0.448148 0.013542 0.070370
0 0.332031 0.452315 0.009896 0.054630
0 0.351823 0.450926 0.011979 0.055556
0 0.269010 0.466667 0.011979 0.074074
0 0.307292 0.453704 0.011458 0.055556
0 0.298177 0.453704 0.014063 0.053704
0 0.296094 0.449074 0.009896 0.055556
0 0.316406 0.449537 0.011979 0.050926
0 0.307552 0.449074 0.010937 0.057407
0 0.285156 0.451389 0.010937 0.056481
0 0.534115 0.457870 0.015104 0.073148
0 0.315625 0.428241 0.010417 0.039815
