0 0.845833 0.654630 0.051042 0.214815
0 0.326302 0.649074 0.036979 0.222222
0 0.916667 0.516667 0.037500 0.196296
0 0.477083 0.940741 0.045833 0.116667
0 0.351042 0.816667 0.036458 0.231481
0 0.420052 0.202778 0.024479 0.162963
0 0.336979 0.125463 0.020833 0.128704
0 0.189062 0.253241 0.025000 0.160185
0 0.159896 0.248148 0.029167 0.177778
0 0.404427 0.140278 0.027604 0.145370
0 0.401042 0.117593 0.032292 0.157407
0 0.300000 0.039815 0.026042 0.079630
0 0.246094 0.044907 0.021354 0.089815
0 0.300521 0.187500 0.031250 0.160185
0 0.174740 0.059259 0.023438 0.118519
0 0.200000 0.179630 0.025000 0.159259
0 0.163021 0.192593 0.026042 0.155556
0 0.191927 0.166667 0.024479 0.161111
0 0.134115 0.200463 0.025521 0.150926
0 0.121615 0.180556 0.025521 0.168519
0 0.147917 0.165278 0.029167 0.162037
0 0.175781 0.150926 0.026562 0.150000
0 0.118229 0.174074 0.020833 0.159259
0 0.467187 0.024074 0.026042 0.048148
0 0.171615 0.573148 0.040104 0.211111
0 0.592187 0.680093 0.044792 0.230556
0 0.556250 0.701852 0.038542 0.229630
0 0.831510 0.135648 0.030729 0.160185
0 0.763021 0.137037 0.023958 0.148148
0 0.841927 0.057407 0.028646 0.114815
0 0.801823 0.046759 0.027604 0.093519
0 0.789062 0.093056 0.030208 0.134259
0 0.561458 0.019907 0.022917 0.039815
0 0.388281 0.017593 0.022396 0.035185
0 0.273958 0.028241 0.018750 0.056481
0 0.245052 0.293519 0.026562 0.174074
0 0.220312 0.294444 0.035417 0.161111
0 0.145833 0.056019 0.026042 0.112037
0 0.264062 0.165278 0.030208 0.160185
0 0.234375 0.158796 0.028125 0.154630
0 0.260937 0.141667 0.026042 0.150000
0 0.426563 0.030556 0.022917 0.061111
