0 0.484896 0.406481 0.033333 0.150000
0 0.427083 0.382407 0.027083 0.129630
0 0.397917 0.388889 0.025000 0.133333
0 0.774479 0.601389 0.103125 0.612037
0 0.899219 0.603241 0.102604 0.625000
0 0.295833 0.384259 0.042708 0.157407
0 0.434115 0.381944 0.020313 0.115741
0 0.458594 0.382407 0.018229 0.109259
0 0.152083 0.389352 0.026042 0.121296
0 0.601042 0.410648 0.039583 0.223148
0 0.470833 0.382407 0.016667 0.096296
0 0.508333 0.379167 0.017708 0.106481
0 0.223958 0.380556 0.020833 0.112963
0 0.209635 0.379630 0.016146 0.088889
0 0.484896 0.377315 0.020833 0.086111
0 0.463802 0.376852 0.022396 0.092593
0 0.284115 0.389352 0.017188 0.100926
0 0.417448 0.368056 0.013021 0.063889
0 0.041927 0.357870 0.013021 0.065741
0 0.065104 0.376852 0.020833 0.101852
0 0.077083 0.368056 0.014583 0.063889
0 0.308854 0.363889 0.012500 0.053704
0 0.301823 0.368519 0.011979 0.048148
