0 0.553385 0.598611 0.082812 0.410185
0 0.557552 0.499074 0.020313 0.098148
0 0.575781 0.500000 0.020313 0.103704
0 0.591667 0.462500 0.019792 0.091667
0 0.517188 0.453241 0.015625 0.076852
0 0.581771 0.455093 0.019792 0.100926
0 0.516667 0.466204 0.018750 0.104630
0 0.538281 0.672685 0.085938 0.591667
0 0.737760 0.585648 0.073438 0.373148
0 0.461719 0.626389 0.068229 0.450926
0 0.217969 0.481019 0.021354 0.102778
0 0.275000 0.470370 0.016667 0.100000
0 0.248958 0.472222 0.015625 0.096296
0 0.224479 0.481944 0.025000 0.093519
0 0.225521 0.464815 0.015625 0.075926
0 0.367969 0.503704 0.033854 0.175926
0 0.732552 0.554167 0.063021 0.326852
0 0.914844 0.543056 0.095312 0.317593
0 0.688802 0.462037 0.019271 0.094444
0 0.591667 0.461111 0.025000 0.100000
0 0.414323 0.452315 0.010937 0.065741
0 0.413542 0.449074 0.013542 0.070370
0 0.322917 0.451389 0.010417 0.054630
0 0.334635 0.451389 0.011979 0.056481
0 0.266927 0.466204 0.011979 0.075000
0 0.311198 0.454630 0.010937 0.057407
0 0.298177 0.456481 0.009896 0.057407
0 0.293490 0.450926 0.010937 0.059259
0 0.317448 0.450463 0.011979 0.052778
0 0.306250 0.450000 0.011458 0.059259
0 0.281510 0.450463 0.013021 0.054630
0 0.527344 0.457870 0.016146 0.080556
0 0.314063 0.422685 0.010417 0.039815
0 0.319271 0.420370 0.009375 0.038889
