0 0.907552 0.581944 0.120313 0.430556
0 0.338802 0.535185 0.045312 0.251852
0 0.940625 0.571296 0.117708 0.372222
0 0.558854 0.498148 0.018750 0.101852
0 0.576042 0.500926 0.016667 0.105556
0 0.664323 0.460185 0.017188 0.092593
0 0.536979 0.462037 0.020833 0.107407
0 0.582031 0.457407 0.020313 0.100000
0 0.494792 0.455556 0.021875 0.105556
0 0.277604 0.548611 0.059375 0.275000
0 0.360417 0.518056 0.035417 0.182407
0 0.773438 0.457870 0.032292 0.119444
0 0.824740 0.460648 0.027604 0.113889
0 0.283333 0.541667 0.045833 0.235185
0 0.294010 0.471296 0.018229 0.087037
0 0.265365 0.469444 0.014063 0.094444
0 0.228385 0.463889 0.020313 0.077778
0 0.312500 0.483796 0.019792 0.125000
0 0.533854 0.456019 0.016667 0.071296
0 0.344010 0.481944 0.020313 0.119444
0 0.306250 0.414352 0.010417 0.039815
0 0.314583 0.412037 0.009375 0.038889
0 0.541146 0.447685 0.012500 0.063889
0 0.375000 0.456944 0.017708 0.084259
