0 0.346094 0.543519 0.050521 0.270370
0 0.558333 0.498148 0.019792 0.101852
0 0.576042 0.500926 0.017708 0.105556
0 0.665365 0.460185 0.017188 0.092593
0 0.533073 0.460648 0.020313 0.102778
0 0.580729 0.456481 0.019792 0.100000
0 0.493490 0.455556 0.022396 0.105556
0 0.308854 0.561574 0.056250 0.304630
0 0.394792 0.525000 0.051042 0.201852
0 0.295573 0.548148 0.049479 0.261111
0 0.281510 0.474074 0.018229 0.087037
0 0.266406 0.470370 0.015104 0.096296
0 0.253125 0.478241 0.017708 0.093519
0 0.228906 0.463889 0.019271 0.077778
0 0.315885 0.483796 0.021354 0.125000
0 0.383854 0.506944 0.032292 0.182407
0 0.554688 0.456019 0.016667 0.071296
0 0.361979 0.480093 0.019792 0.115741
0 0.322656 0.460648 0.013021 0.067593
0 0.301823 0.454630 0.011979 0.068519
0 0.324740 0.456944 0.011979 0.069444
0 0.307292 0.411574 0.010417 0.039815
0 0.314583 0.411111 0.009375 0.038889
0 0.538542 0.449537 0.012500 0.063889
0 0.400781 0.460185 0.017188 0.088889
