0 0.786719 0.636111 0.092188 0.525926
0 0.589323 0.472222 0.019271 0.144444
0 0.582031 0.484722 0.028646 0.130556
0 0.499219 0.448611 0.015104 0.069444
0 0.539583 0.461111 0.019792 0.100000
0 0.515885 0.459259 0.018229 0.090741
0 0.854688 0.671759 0.137500 0.654630
0 0.725260 0.672222 0.091146 0.566667
0 0.211979 0.481019 0.026042 0.104630
0 0.229948 0.472222 0.017188 0.100000
0 0.227604 0.473148 0.015625 0.100000
0 0.227344 0.480093 0.022396 0.093519
0 0.227865 0.462500 0.017188 0.076852
0 0.474479 0.516667 0.044792 0.277778
0 0.545052 0.516204 0.045312 0.225000
0 0.496354 0.542130 0.071875 0.263889
0 0.393750 0.524074 0.041667 0.250000
0 0.948698 0.605556 0.101562 0.466667
0 0.377604 0.473611 0.021875 0.119444
0 0.622396 0.454630 0.017708 0.077778
0 0.586719 0.460648 0.017188 0.086111
0 0.572917 0.457407 0.017708 0.090741
0 0.340625 0.463889 0.016667 0.083333
0 0.384635 0.457407 0.014063 0.081481
0 0.305208 0.458796 0.016667 0.073148
0 0.287500 0.460648 0.014583 0.069444
0 0.244792 0.460185 0.012500 0.068519
0 0.284635 0.457407 0.009896 0.061111
0 0.309375 0.449537 0.009375 0.045370
0 0.307812 0.440278 0.009375 0.043519
0 0.311719 0.443981 0.009896 0.045370
0 0.296615 0.430556 0.006771 0.029630
0 0.302865 0.427778 0.006771 0.029630
0 0.566146 0.461111 0.017708 0.088889
