0 0.502604 0.586111 0.064583 0.377778
0 0.557552 0.500463 0.020313 0.097222
0 0.575781 0.500463 0.019271 0.104630
0 0.593229 0.462500 0.019792 0.091667
0 0.523438 0.456481 0.017708 0.088889
0 0.581771 0.455093 0.019792 0.100926
0 0.513802 0.462963 0.018229 0.105556
0 0.440625 0.645833 0.116667 0.543519
0 0.595833 0.565278 0.055208 0.308333
0 0.417708 0.597222 0.066667 0.361111
0 0.235937 0.481481 0.022917 0.100000
0 0.276562 0.469907 0.017708 0.100926
0 0.258073 0.471759 0.016146 0.095370
0 0.226042 0.482870 0.022917 0.093519
0 0.252083 0.463426 0.015625 0.076852
0 0.328906 0.500000 0.027604 0.161111
0 0.615365 0.538889 0.064062 0.279630
0 0.644010 0.462037 0.023438 0.092593
0 0.555729 0.469444 0.023958 0.114815
0 0.387240 0.451852 0.009896 0.062963
0 0.395313 0.450000 0.010417 0.066667
0 0.313281 0.448611 0.009896 0.056481
0 0.267448 0.466667 0.010937 0.075926
0 0.314844 0.454630 0.011979 0.057407
0 0.301042 0.456481 0.010417 0.057407
0 0.291667 0.451389 0.012500 0.060185
0 0.321094 0.453241 0.011979 0.052778
0 0.309375 0.450926 0.011458 0.059259
0 0.277865 0.453241 0.015104 0.058333
0 0.518750 0.457407 0.016667 0.090741
0 0.310937 0.416204 0.010417 0.039815
0 0.316146 0.412963 0.009375 0.038889
0 0.282813 0.446296 0.011458 0.050000
