0 0.523698 0.407407 0.034896 0.150000
0 0.463542 0.384259 0.023958 0.116667
0 0.409896 0.386574 0.020833 0.110185
0 0.970833 0.570370 0.057292 0.540741
0 0.052083 0.432870 0.054167 0.225000
0 0.294010 0.396296 0.030729 0.133333
0 0.458854 0.386111 0.021875 0.107407
0 0.469010 0.378241 0.017188 0.093519
0 0.165104 0.400926 0.029167 0.122222
0 0.564583 0.387037 0.030208 0.148148
0 0.507031 0.378704 0.016146 0.103704
0 0.269271 0.386574 0.016667 0.099074
0 0.257812 0.385648 0.014583 0.076852
0 0.294792 0.394907 0.017708 0.091667
0 0.266667 0.372685 0.014583 0.052778
0 0.420833 0.368981 0.013542 0.063889
0 0.082552 0.374537 0.010937 0.062037
0 0.110677 0.395370 0.017188 0.094444
0 0.107031 0.380556 0.011979 0.059259
