0 0.606771 0.376852 0.032292 0.138889
0 0.434375 0.379167 0.031250 0.156481
0 0.171354 0.482407 0.136458 0.501852
0 0.489583 0.377778 0.029167 0.142593
0 0.587240 0.351389 0.019271 0.080556
0 0.672917 0.398611 0.040625 0.267593
0 0.341406 0.367130 0.020313 0.097222
0 0.660417 0.400926 0.039583 0.233333
0 0.523958 0.352315 0.014583 0.060185
0 0.212240 0.418519 0.031771 0.212963
0 0.190365 0.357407 0.022396 0.098148
0 0.547135 0.343056 0.010937 0.037963
0 0.533073 0.338889 0.010937 0.042593
0 0.333594 0.348148 0.015104 0.066667
0 0.366667 0.353241 0.012500 0.060185
0 0.378125 0.354167 0.011458 0.058333
