0 0.844792 0.654630 0.048958 0.214815
0 0.264583 0.053704 0.031250 0.107407
0 0.329167 0.620370 0.048958 0.227778
0 0.913802 0.518981 0.047396 0.193519
0 0.532552 0.937500 0.039062 0.123148
0 0.351042 0.816667 0.036458 0.231481
0 0.433854 0.213426 0.034375 0.156481
0 0.515885 0.028704 0.025521 0.057407
0 0.489063 0.027778 0.027083 0.055556
0 0.333594 0.126852 0.020313 0.131481
0 0.141667 0.326389 0.031250 0.171296
0 0.104688 0.314352 0.029167 0.184259
0 0.600781 0.911574 0.064062 0.175000
0 0.637240 0.916667 0.048438 0.164815
0 0.403906 0.145370 0.021354 0.140741
0 0.421875 0.126389 0.028125 0.154630
0 0.297396 0.041204 0.021875 0.082407
0 0.268490 0.157407 0.023438 0.144444
0 0.154167 0.969907 0.043750 0.058333
0 0.191146 0.938426 0.052083 0.121296
0 0.304167 0.184722 0.026042 0.162037
0 0.163021 0.078704 0.028125 0.146296
0 0.200521 0.183333 0.026042 0.159259
0 0.163021 0.193056 0.025000 0.156481
0 0.197917 0.165741 0.026042 0.159259
0 0.129688 0.199074 0.027083 0.148148
0 0.117969 0.180093 0.026562 0.167593
0 0.156510 0.167130 0.029687 0.160185
0 0.158854 0.142593 0.027083 0.151852
0 0.118229 0.174074 0.020833 0.159259
0 0.467187 0.041204 0.026042 0.082407
0 0.205729 0.347685 0.034375 0.180556
0 0.265885 0.115741 0.031771 0.161111
0 0.871094 0.292593 0.034896 0.175926
0 0.822135 0.275926 0.026562 0.166667
0 0.786458 0.070370 0.030208 0.131481
0 0.992188 0.356944 0.014583 0.163889
0 0.852344 0.048611 0.027604 0.097222
0 0.807552 0.044444 0.026562 0.088889
0 0.240365 0.148611 0.024479 0.158333
0 0.219531 0.158333 0.025521 0.140741
0 0.195833 0.040741 0.025000 0.081481
0 0.234115 0.052315 0.030729 0.104630
0 0.199219 0.049074 0.026562 0.098148
0 0.245052 0.043981 0.023438 0.087963
