0 0.617708 0.366667 0.033333 0.148148
0 0.456250 0.346296 0.029167 0.140741
0 0.376042 0.389815 0.058333 0.266667
0 0.953906 0.606019 0.091146 0.745370
0 0.206771 0.378704 0.064583 0.257407
0 0.493229 0.361111 0.030208 0.125926
0 0.528125 0.324074 0.012500 0.055556
0 0.569531 0.347685 0.024479 0.150926
0 0.299219 0.333796 0.021354 0.100926
0 0.574479 0.352315 0.022917 0.136111
0 0.651302 0.341204 0.021354 0.117593
0 0.022135 0.389352 0.044271 0.273148
0 0.322135 0.344444 0.020313 0.111111
0 0.307552 0.337500 0.023438 0.110185
0 0.308333 0.350926 0.022917 0.124074
0 0.027865 0.356019 0.027604 0.139815
0 0.385677 0.326852 0.010937 0.059259
0 0.367448 0.324074 0.013021 0.066667
0 0.344531 0.327778 0.010937 0.061111
0 0.354427 0.323611 0.013021 0.056481
