0 0.619531 0.609259 0.085938 0.490741
0 0.571615 0.487500 0.022396 0.117593
0 0.575781 0.499537 0.022396 0.102778
0 0.495312 0.449074 0.013542 0.066667
0 0.583594 0.455093 0.020313 0.102778
0 0.524740 0.461111 0.018229 0.098148
0 0.616927 0.655093 0.114062 0.560185
0 0.543229 0.629167 0.067708 0.476852
0 0.210417 0.481481 0.027083 0.103704
0 0.251042 0.471296 0.017708 0.100000
0 0.227604 0.472222 0.015625 0.100000
0 0.225781 0.481019 0.022396 0.095370
0 0.223438 0.464352 0.016667 0.076852
0 0.348958 0.534259 0.060417 0.314815
0 0.255469 0.540741 0.063021 0.272222
0 0.208073 0.576389 0.086979 0.317593
0 0.106510 0.572222 0.100521 0.331481
0 0.589323 0.527315 0.049479 0.252778
0 0.490104 0.489352 0.030208 0.165741
0 0.658594 0.457407 0.018229 0.088889
0 0.508333 0.456481 0.012500 0.072222
0 0.494271 0.451852 0.013542 0.070370
0 0.331771 0.455556 0.014583 0.066667
0 0.377865 0.450463 0.013021 0.063889
0 0.285156 0.453241 0.013021 0.063889
0 0.275000 0.456019 0.012500 0.062037
0 0.262760 0.462037 0.013021 0.075926
0 0.281250 0.450463 0.009375 0.049074
0 0.308854 0.449074 0.010417 0.048148
0 0.300000 0.450463 0.009375 0.050926
0 0.315104 0.446759 0.009375 0.049074
0 0.310417 0.444907 0.010417 0.049074
0 0.291667 0.449074 0.009375 0.051852
0 0.535937 0.453704 0.013542 0.068519
0 0.586719 0.462037 0.018229 0.092593
