0 0.578906 0.608796 0.088021 0.436111
0 0.557813 0.498148 0.020833 0.098148
0 0.575781 0.500000 0.021354 0.103704
0 0.509635 0.450926 0.014063 0.070370
0 0.582031 0.454167 0.020313 0.100926
0 0.525260 0.466204 0.018229 0.104630
0 0.589844 0.652778 0.116146 0.564815
0 0.936979 0.631481 0.125000 0.466667
0 0.500000 0.633796 0.066667 0.487963
0 0.209635 0.481019 0.022396 0.102778
0 0.270052 0.471296 0.023438 0.100000
0 0.234896 0.472222 0.015625 0.100000
0 0.225000 0.481481 0.023958 0.094444
0 0.219792 0.465278 0.015625 0.076852
0 0.032552 0.581019 0.065104 0.421296
0 0.431771 0.509259 0.032292 0.201852
0 0.896354 0.577778 0.110417 0.390741
0 0.700000 0.521296 0.068750 0.250000
0 0.744010 0.459259 0.029687 0.100000
0 0.630469 0.460648 0.024479 0.097222
0 0.452604 0.448148 0.011458 0.064815
0 0.431771 0.447222 0.013542 0.070370
0 0.333854 0.451852 0.009375 0.055556
0 0.355990 0.450000 0.011979 0.055556
0 0.270052 0.465278 0.014063 0.073148
0 0.307552 0.453241 0.010937 0.054630
0 0.295833 0.452778 0.009375 0.053704
0 0.296094 0.449074 0.009896 0.055556
0 0.316406 0.449074 0.011979 0.050000
0 0.307552 0.448148 0.010937 0.055556
0 0.285677 0.451389 0.010937 0.056481
0 0.534635 0.457407 0.015104 0.072222
0 0.315625 0.430093 0.010417 0.039815
0 0.593229 0.461574 0.019792 0.091667
