0 0.744531 0.637037 0.100521 0.514815
0 0.588802 0.474074 0.019271 0.144444
0 0.575521 0.489815 0.019792 0.124074
0 0.491406 0.446296 0.014063 0.062963
0 0.034115 0.676389 0.068229 0.645370
0 0.549740 0.459259 0.020313 0.100000
0 0.523177 0.459259 0.018229 0.090741
0 0.781250 0.681019 0.142708 0.636111
0 0.664062 0.662037 0.086458 0.540741
0 0.211458 0.481481 0.026042 0.105556
0 0.230208 0.473611 0.017708 0.100926
0 0.227604 0.473148 0.015625 0.100000
0 0.226823 0.480556 0.022396 0.094444
0 0.226823 0.462500 0.017188 0.076852
0 0.461198 0.517593 0.041146 0.277778
0 0.492188 0.514815 0.064583 0.231481
0 0.439844 0.541204 0.050521 0.269444
0 0.359896 0.525000 0.051042 0.250000
0 0.860156 0.579630 0.105729 0.383333
0 0.398177 0.474537 0.022396 0.125000
0 0.626563 0.456019 0.017708 0.076852
0 0.561198 0.459259 0.018229 0.087037
0 0.553385 0.456019 0.018229 0.084259
0 0.333594 0.460648 0.017188 0.078704
0 0.386458 0.456944 0.014583 0.078704
0 0.303125 0.456481 0.016667 0.072222
0 0.284896 0.459722 0.013542 0.067593
0 0.247656 0.461111 0.014063 0.070370
0 0.283073 0.454630 0.008854 0.057407
0 0.311458 0.449537 0.009375 0.045370
0 0.308333 0.443519 0.009375 0.044444
0 0.311719 0.443981 0.009896 0.045370
0 0.536198 0.452315 0.014063 0.065741
