0 0.796094 0.637500 0.086979 0.528704
0 0.589323 0.472222 0.019271 0.144444
0 0.583594 0.485185 0.028646 0.129630
0 0.500000 0.449074 0.015625 0.070370
0 0.538542 0.461111 0.019792 0.100000
0 0.515365 0.459259 0.018229 0.090741
0 0.865885 0.671759 0.145313 0.654630
0 0.733073 0.676389 0.094271 0.576852
0 0.211979 0.481019 0.026042 0.104630
0 0.229948 0.472222 0.017188 0.100000
0 0.227865 0.473148 0.015104 0.100000
0 0.227344 0.480093 0.022396 0.093519
0 0.227865 0.462500 0.017188 0.076852
0 0.476562 0.516204 0.045833 0.276852
0 0.551302 0.514352 0.039062 0.225000
0 0.503385 0.543056 0.072396 0.263889
0 0.398177 0.525000 0.048438 0.250000
0 0.954427 0.604167 0.090104 0.471296
0 0.375521 0.473611 0.021875 0.119444
0 0.622396 0.454630 0.017708 0.077778
0 0.588542 0.461111 0.018750 0.087037
0 0.574479 0.458333 0.017708 0.090741
0 0.340625 0.463889 0.016667 0.083333
0 0.384635 0.457407 0.014063 0.081481
0 0.305729 0.459722 0.016667 0.073148
0 0.287760 0.460648 0.014063 0.069444
0 0.244531 0.460185 0.013021 0.068519
0 0.284635 0.457407 0.009896 0.061111
0 0.307812 0.439815 0.009375 0.044444
0 0.311719 0.443981 0.009896 0.045370
0 0.296615 0.430556 0.006771 0.029630
0 0.302865 0.427778 0.006771 0.029630
0 0.564583 0.461111 0.017708 0.088889
