0 0.501042 0.585648 0.065625 0.376852
0 0.557552 0.500463 0.020313 0.097222
0 0.575781 0.500463 0.019271 0.104630
0 0.593229 0.462500 0.019792 0.091667
0 0.523438 0.456481 0.017708 0.088889
0 0.581771 0.455093 0.019792 0.100926
0 0.513802 0.462963 0.018229 0.105556
0 0.436458 0.645370 0.112500 0.542593
0 0.592448 0.564815 0.059896 0.307407
0 0.416927 0.596759 0.067187 0.356481
0 0.236458 0.481481 0.022917 0.100000
0 0.276562 0.469907 0.017708 0.100926
0 0.258594 0.472685 0.016146 0.095370
0 0.225521 0.482407 0.022917 0.094444
0 0.252083 0.463426 0.015625 0.076852
0 0.328385 0.500463 0.027604 0.160185
0 0.613542 0.538426 0.066667 0.278704
0 0.642969 0.462037 0.023438 0.092593
0 0.554427 0.470833 0.022396 0.117593
0 0.386719 0.451389 0.009896 0.062037
0 0.394792 0.449537 0.010417 0.065741
0 0.312760 0.448611 0.009896 0.056481
0 0.267448 0.466667 0.010937 0.075926
0 0.315104 0.454630 0.012500 0.057407
0 0.301042 0.456481 0.010417 0.057407
0 0.291667 0.451389 0.012500 0.060185
0 0.321094 0.453241 0.011979 0.052778
0 0.309375 0.450926 0.011458 0.059259
0 0.277865 0.453241 0.015104 0.058333
0 0.518490 0.457407 0.017188 0.090741
0 0.310937 0.416204 0.010417 0.039815
0 0.316146 0.412037 0.009375 0.038889
0 0.282813 0.446296 0.011458 0.050000
