0 0.619792 0.610185 0.086458 0.479630
0 0.572396 0.486574 0.021875 0.119444
0 0.575781 0.499537 0.022396 0.102778
0 0.494792 0.449074 0.013542 0.066667
0 0.583073 0.455093 0.020313 0.102778
0 0.525260 0.460648 0.018229 0.097222
0 0.615885 0.655093 0.111979 0.560185
0 0.544010 0.629167 0.068229 0.476852
0 0.210417 0.481481 0.027083 0.103704
0 0.250521 0.472222 0.017708 0.100000
0 0.227604 0.472222 0.015625 0.100000
0 0.225781 0.481019 0.022396 0.095370
0 0.223438 0.464352 0.016667 0.076852
0 0.361979 0.534722 0.066667 0.313889
0 0.269792 0.539352 0.056250 0.273148
0 0.215104 0.572685 0.076042 0.313889
0 0.120573 0.572685 0.106771 0.330556
0 0.591406 0.529167 0.049479 0.252778
0 0.485156 0.488426 0.029687 0.163889
0 0.657552 0.457407 0.018229 0.088889
0 0.509635 0.456481 0.013021 0.072222
0 0.496354 0.451852 0.013542 0.070370
0 0.331771 0.455556 0.014583 0.066667
0 0.378906 0.450926 0.013021 0.064815
0 0.285938 0.453704 0.012500 0.064815
0 0.275000 0.456019 0.012500 0.062037
0 0.262240 0.462037 0.013021 0.075926
0 0.280990 0.450463 0.009896 0.049074
0 0.309115 0.449074 0.009896 0.048148
0 0.300260 0.449537 0.008854 0.050926
0 0.315104 0.446759 0.009375 0.049074
0 0.310677 0.444907 0.009896 0.049074
0 0.291667 0.449074 0.009375 0.051852
0 0.535937 0.453704 0.013542 0.068519
0 0.586719 0.462037 0.018229 0.092593
