0 0.634115 0.615741 0.090104 0.470370
0 0.578906 0.482870 0.022396 0.128704
0 0.575521 0.499537 0.022917 0.102778
0 0.491146 0.449074 0.013542 0.064815
0 0.579167 0.455093 0.019792 0.102778
0 0.527344 0.458796 0.018229 0.095370
0 0.599740 0.660185 0.100521 0.577778
0 0.553125 0.631944 0.072917 0.482407
0 0.210156 0.481944 0.026562 0.104630
0 0.242708 0.472685 0.019792 0.102778
0 0.227083 0.473148 0.015625 0.100000
0 0.226302 0.481019 0.022396 0.095370
0 0.224479 0.463426 0.016667 0.076852
0 0.400521 0.527778 0.059375 0.300000
0 0.349479 0.533796 0.066667 0.260185
0 0.284375 0.558333 0.064583 0.300000
0 0.205469 0.554630 0.093229 0.303704
0 0.653385 0.539815 0.055729 0.272222
0 0.455469 0.481481 0.028646 0.155556
0 0.647656 0.457870 0.018229 0.087963
0 0.521094 0.456481 0.015104 0.074074
0 0.510156 0.451389 0.013021 0.071296
0 0.331250 0.458796 0.014583 0.071296
0 0.381510 0.451852 0.013021 0.066667
0 0.289062 0.454630 0.012500 0.066667
0 0.277083 0.456019 0.012500 0.062037
0 0.257552 0.461574 0.013021 0.075000
0 0.280990 0.450000 0.009896 0.050000
0 0.309896 0.448148 0.009375 0.046296
0 0.300781 0.449537 0.008854 0.050926
0 0.314583 0.444907 0.009375 0.047222
0 0.311198 0.443981 0.009896 0.047222
0 0.536198 0.454167 0.014063 0.069444
0 0.586719 0.462037 0.018229 0.092593
