0 0.433073 0.570833 0.054688 0.332407
0 0.557552 0.498148 0.020313 0.101852
0 0.575781 0.500463 0.019271 0.104630
0 0.614062 0.460648 0.019792 0.091667
0 0.528646 0.457870 0.018750 0.091667
0 0.580469 0.455093 0.020313 0.100926
0 0.513542 0.459722 0.018750 0.104630
0 0.349740 0.617130 0.104688 0.452778
0 0.494531 0.551389 0.056771 0.280556
0 0.370573 0.580556 0.065104 0.333333
0 0.251042 0.480556 0.017708 0.100000
0 0.273177 0.471759 0.018229 0.097222
0 0.261979 0.471759 0.015625 0.095370
0 0.225781 0.481481 0.025521 0.094444
0 0.251823 0.462500 0.016146 0.076852
0 0.310937 0.491204 0.026042 0.136111
0 0.528125 0.525000 0.055208 0.248148
0 0.609375 0.462037 0.016667 0.083333
0 0.494792 0.467593 0.018750 0.118519
0 0.309115 0.449537 0.009896 0.056481
0 0.317448 0.456481 0.013021 0.061111
0 0.302865 0.458796 0.010937 0.062037
0 0.291667 0.453241 0.013542 0.067593
0 0.314583 0.452778 0.011458 0.061111
0 0.276302 0.454167 0.015104 0.062037
0 0.501823 0.454167 0.016146 0.089815
0 0.309896 0.411574 0.010417 0.039815
0 0.315625 0.411111 0.009375 0.038889
0 0.500521 0.454630 0.011458 0.066667
0 0.287500 0.445370 0.011458 0.050000
