0 0.944792 0.651852 0.109375 0.564815
0 0.590625 0.469444 0.018750 0.144444
0 0.573177 0.472222 0.021354 0.114815
0 0.518229 0.454630 0.017708 0.087037
0 0.530990 0.464815 0.020313 0.100000
0 0.494792 0.457407 0.017708 0.090741
0 0.883854 0.686574 0.136458 0.625000
0 0.211458 0.481019 0.025000 0.104630
0 0.229427 0.472685 0.016146 0.097222
0 0.228385 0.473148 0.015104 0.100000
0 0.227865 0.480093 0.022396 0.093519
0 0.230208 0.461574 0.017708 0.076852
0 0.548177 0.514815 0.054688 0.266667
0 0.615365 0.513889 0.050521 0.222222
0 0.598437 0.540741 0.058333 0.259259
0 0.492448 0.515741 0.051562 0.231481
0 0.345833 0.470833 0.019792 0.100926
0 0.640104 0.459259 0.022917 0.100000
0 0.623437 0.459259 0.019792 0.096296
0 0.354427 0.465741 0.022396 0.090741
0 0.383333 0.460648 0.018750 0.091667
0 0.312240 0.460648 0.018229 0.075000
0 0.293229 0.462037 0.013542 0.074074
0 0.240885 0.461111 0.010937 0.066667
0 0.274740 0.449074 0.013021 0.053704
0 0.288542 0.459259 0.011458 0.066667
0 0.309375 0.431944 0.009375 0.041667
0 0.311719 0.443981 0.009896 0.045370
0 0.297917 0.424537 0.006250 0.028704
0 0.302865 0.421296 0.006771 0.029630
0 0.403385 0.444444 0.014063 0.053704
0 0.553385 0.459259 0.016146 0.083333
