0 0.451823 0.445370 0.036979 0.151852
0 0.388021 0.417130 0.020833 0.115741
0 0.294271 0.412963 0.017708 0.090741
0 0.967448 0.586111 0.064062 0.485185
0 0.007812 0.462500 0.015625 0.199074
0 0.215625 0.421759 0.025000 0.125000
0 0.365104 0.421296 0.021875 0.107407
0 0.366146 0.412963 0.019792 0.092593
0 0.041667 0.450463 0.030208 0.134259
0 0.446354 0.417130 0.020833 0.113889
0 0.399219 0.413426 0.016146 0.102778
0 0.176823 0.411111 0.018229 0.085185
0 0.166146 0.418981 0.014583 0.069444
0 0.194271 0.422685 0.017708 0.087963
0 0.153646 0.406481 0.010417 0.055556
0 0.321875 0.401389 0.013542 0.063889
