0 0.735938 0.637500 0.053125 0.223148
0 0.225000 0.448148 0.044792 0.216667
0 0.074740 0.623611 0.043229 0.230556
0 0.916406 0.519907 0.039062 0.193519
0 0.638021 0.953704 0.039583 0.090741
0 0.354687 0.820833 0.052083 0.232407
0 0.429688 0.218519 0.031250 0.161111
0 0.976302 0.320833 0.036979 0.176852
0 0.788281 0.132407 0.027604 0.135185
0 0.836198 0.298148 0.028646 0.166667
0 0.795833 0.295370 0.031250 0.177778
0 0.507031 0.265741 0.047396 0.162963
0 0.546094 0.231019 0.040104 0.167593
0 0.110937 0.430556 0.034375 0.177778
0 0.115365 0.409722 0.032813 0.195370
0 0.465625 0.219907 0.029167 0.167593
0 0.487240 0.224074 0.025521 0.151852
0 0.552083 0.023148 0.023958 0.046296
0 0.532552 0.023148 0.022396 0.046296
0 0.738281 0.285185 0.024479 0.155556
0 0.716667 0.250000 0.027083 0.155556
0 0.380469 0.073148 0.027604 0.146296
0 0.389583 0.008333 0.020833 0.016667
0 0.296094 0.040741 0.019271 0.081481
0 0.016667 0.856481 0.033333 0.220370
0 0.270573 0.230093 0.027604 0.163889
0 0.275000 0.242130 0.046875 0.175000
0 0.246875 0.123148 0.026042 0.151852
0 0.226302 0.135648 0.026562 0.152778
0 0.292448 0.136574 0.022396 0.154630
0 0.267708 0.112963 0.027083 0.148148
0 0.199219 0.179167 0.027604 0.163889
0 0.216406 0.152778 0.026562 0.142593
0 0.161458 0.192593 0.027083 0.157407
0 0.189844 0.162037 0.025521 0.161111
0 0.123958 0.194444 0.025000 0.151852
0 0.144271 0.169444 0.023958 0.168519
0 0.145313 0.156944 0.030208 0.156481
0 0.152083 0.142593 0.028125 0.153704
0 0.118750 0.174074 0.020833 0.159259
0 0.486719 0.003704 0.020313 0.007407
0 0.224479 0.960648 0.047917 0.076852
