0 0.644010 0.350000 0.030729 0.138889
0 0.464062 0.341667 0.030208 0.146296
0 0.199479 0.390741 0.088542 0.348148
0 0.507812 0.346296 0.028125 0.135185
0 0.571615 0.320370 0.015104 0.066667
0 0.628906 0.356019 0.025521 0.182407
0 0.338542 0.325000 0.020833 0.094444
0 0.627865 0.356481 0.026562 0.164815
0 0.198437 0.337037 0.026042 0.131481
0 0.170052 0.336574 0.028646 0.141667
0 0.524219 0.319907 0.014063 0.058333
0 0.300000 0.343981 0.029167 0.139815
0 0.540104 0.312037 0.009375 0.038889
0 0.530990 0.313889 0.007812 0.044444
0 0.391406 0.312963 0.015104 0.066667
0 0.371615 0.311574 0.015104 0.075000
0 0.371875 0.317130 0.012500 0.060185
0 0.383854 0.317130 0.011458 0.058333
