0 0.365365 0.548148 0.052604 0.283333
0 0.558073 0.498148 0.019271 0.101852
0 0.576042 0.500926 0.017708 0.105556
0 0.663542 0.459722 0.019792 0.091667
0 0.533333 0.458796 0.019792 0.097222
0 0.579948 0.456481 0.020313 0.100000
0 0.496094 0.456481 0.022396 0.105556
0 0.317969 0.576389 0.063021 0.332407
0 0.414062 0.530556 0.042708 0.220370
0 0.298698 0.555556 0.049479 0.277778
0 0.273177 0.476389 0.018229 0.086111
0 0.266927 0.470370 0.016146 0.096296
0 0.245833 0.480556 0.021875 0.094444
0 0.234115 0.462963 0.018229 0.077778
0 0.317708 0.484259 0.021875 0.125926
0 0.411979 0.509722 0.043750 0.189815
0 0.566406 0.456019 0.016146 0.071296
0 0.382031 0.476852 0.019271 0.112963
0 0.321354 0.459722 0.013542 0.065741
0 0.299740 0.453241 0.011979 0.065741
0 0.322396 0.456019 0.011458 0.067593
0 0.308333 0.410648 0.010417 0.039815
0 0.314583 0.411111 0.009375 0.038889
0 0.528646 0.450463 0.012500 0.063889
0 0.517448 0.457870 0.010937 0.039815
0 0.410417 0.460185 0.016667 0.088889
