0 0.449479 0.445370 0.037500 0.157407
0 0.383333 0.418056 0.023958 0.117593
0 0.293229 0.417130 0.017708 0.091667
0 0.951042 0.593056 0.096875 0.495370
0 0.007552 0.459722 0.015104 0.200926
0 0.206771 0.423148 0.030208 0.127778
0 0.360938 0.421296 0.021875 0.107407
0 0.363281 0.409722 0.017188 0.091667
0 0.040104 0.445833 0.030208 0.134259
0 0.445833 0.415741 0.021875 0.116667
0 0.397656 0.413426 0.016146 0.102778
0 0.173698 0.410648 0.018229 0.086111
0 0.163802 0.418056 0.014063 0.069444
0 0.191667 0.418056 0.017708 0.087963
0 0.152083 0.406944 0.011458 0.058333
0 0.319271 0.400463 0.013542 0.063889
