0 0.929167 0.652778 0.114583 0.562963
0 0.590625 0.470370 0.018750 0.144444
0 0.574740 0.473611 0.022396 0.117593
0 0.516146 0.454167 0.017708 0.084259
0 0.532031 0.463889 0.020313 0.100000
0 0.497656 0.458333 0.018229 0.090741
0 0.870313 0.687037 0.121875 0.624074
0 0.211458 0.481019 0.025000 0.104630
0 0.229427 0.472685 0.016146 0.097222
0 0.228125 0.473148 0.015625 0.100000
0 0.227865 0.480093 0.022396 0.093519
0 0.229687 0.461574 0.017708 0.076852
0 0.534896 0.516667 0.036458 0.270370
0 0.609896 0.515741 0.039583 0.224074
0 0.594792 0.539815 0.057292 0.259259
0 0.487240 0.516667 0.047396 0.233333
0 0.348177 0.471759 0.019271 0.104630
0 0.632031 0.457407 0.020313 0.101852
0 0.619010 0.457870 0.019271 0.097222
0 0.352344 0.465278 0.020313 0.089815
0 0.381771 0.460648 0.018750 0.091667
0 0.312240 0.460648 0.018229 0.075000
0 0.292708 0.462500 0.013542 0.073148
0 0.241667 0.461111 0.012500 0.066667
0 0.270573 0.450000 0.010937 0.051852
0 0.288542 0.457407 0.011458 0.062963
0 0.309375 0.432407 0.009375 0.042593
0 0.311719 0.443981 0.009896 0.045370
0 0.297917 0.425000 0.006250 0.029630
0 0.302865 0.422222 0.006771 0.029630
0 0.400781 0.444907 0.014063 0.054630
0 0.553646 0.459259 0.016667 0.079630
