0 0.780208 0.656481 0.046875 0.229630
0 0.256250 0.219907 0.037500 0.189815
0 0.142187 0.651852 0.048958 0.235185
0 0.915625 0.519907 0.040625 0.193519
0 0.509896 0.924074 0.043750 0.150000
0 0.350260 0.819907 0.039062 0.230556
0 0.429427 0.218519 0.030729 0.161111
0 0.777344 0.090741 0.027604 0.133333
0 0.580990 0.159722 0.026562 0.147222
0 0.544792 0.170833 0.031250 0.167593
0 0.280990 0.178704 0.025521 0.157407
0 0.504427 0.148611 0.031771 0.163889
0 0.069531 0.410648 0.025521 0.173148
0 0.051823 0.393056 0.042188 0.187963
0 0.447917 0.459259 0.047917 0.198148
0 0.481771 0.460648 0.040625 0.178704
0 0.445312 0.174074 0.033333 0.142593
0 0.401823 0.172685 0.024479 0.156481
0 0.380469 0.073611 0.026562 0.147222
0 0.297135 0.042130 0.021354 0.084259
0 0.138542 0.469444 0.030208 0.181481
0 0.299740 0.492593 0.033854 0.194444
0 0.257812 0.490278 0.032292 0.208333
0 0.275521 0.011574 0.026042 0.023148
0 0.250781 0.014352 0.023438 0.028704
0 0.294010 0.136574 0.023438 0.154630
0 0.179167 0.122685 0.027083 0.149074
0 0.197917 0.182407 0.026042 0.161111
0 0.425781 0.409722 0.031771 0.171296
0 0.163021 0.199074 0.027083 0.157407
0 0.189323 0.165741 0.022396 0.162963
0 0.129167 0.195370 0.027083 0.148148
0 0.140104 0.176852 0.023958 0.170370
0 0.159896 0.165741 0.028125 0.142593
0 0.152083 0.142593 0.028125 0.153704
0 0.117188 0.174074 0.020833 0.159259
0 0.461458 0.028704 0.018750 0.057407
0 0.223438 0.094444 0.029167 0.150000
0 0.222917 0.508796 0.040625 0.210185
0 0.980469 0.613889 0.033854 0.203704
0 0.883854 0.104167 0.029167 0.141667
0 0.810677 0.031019 0.026562 0.062037
0 0.176823 0.877778 0.050521 0.242593
0 0.187760 0.809722 0.045312 0.239815
0 0.226562 0.018056 0.021875 0.036111
0 0.202604 0.018056 0.022917 0.036111
0 0.718750 0.015741 0.028125 0.031481
0 0.650781 0.076852 0.035937 0.085185
