0 0.609635 0.612963 0.094271 0.459259
0 0.557813 0.497222 0.020833 0.098148
0 0.575781 0.500000 0.021354 0.103704
0 0.505990 0.450000 0.014063 0.070370
0 0.583073 0.456019 0.020313 0.100926
0 0.524479 0.465278 0.018750 0.102778
0 0.601562 0.655093 0.098958 0.563889
0 0.507031 0.634722 0.076563 0.489815
0 0.209375 0.480556 0.022917 0.101852
0 0.264844 0.471759 0.019271 0.102778
0 0.231771 0.472222 0.015625 0.100000
0 0.225260 0.481481 0.023438 0.094444
0 0.220833 0.465278 0.015625 0.076852
0 0.147135 0.567130 0.076563 0.389815
0 0.472917 0.506481 0.039583 0.200000
0 0.961979 0.581944 0.075000 0.419444
0 0.632292 0.512963 0.046875 0.233333
0 0.774479 0.457870 0.022917 0.102778
0 0.646094 0.461574 0.024479 0.097222
0 0.470313 0.449074 0.011458 0.064815
0 0.444792 0.447222 0.013542 0.070370
0 0.335677 0.454630 0.011979 0.061111
0 0.360156 0.451389 0.011979 0.056481
0 0.269531 0.462963 0.014063 0.074074
0 0.281510 0.449537 0.008854 0.047222
0 0.307812 0.451852 0.010417 0.053704
0 0.296354 0.452778 0.009375 0.053704
0 0.296615 0.448611 0.009896 0.054630
0 0.316667 0.448611 0.011458 0.049074
0 0.308073 0.447222 0.010937 0.053704
0 0.287500 0.449537 0.010417 0.052778
0 0.534635 0.455556 0.015104 0.072222
0 0.593229 0.461574 0.019792 0.091667
