0 0.937500 0.636574 0.123958 0.725000
0 0.462500 0.458333 0.037500 0.161111
0 0.388542 0.436111 0.025000 0.116667
0 0.285677 0.427315 0.019271 0.089815
0 0.014583 0.466204 0.029167 0.197222
0 0.226562 0.435185 0.032292 0.124074
0 0.366146 0.427778 0.021875 0.107407
0 0.364063 0.426389 0.017708 0.089815
0 0.045833 0.462500 0.030208 0.134259
0 0.440104 0.431944 0.020833 0.113889
0 0.394531 0.431481 0.017188 0.103704
0 0.177344 0.425463 0.018229 0.084259
0 0.166146 0.431019 0.014583 0.075000
0 0.155469 0.423611 0.009896 0.054630
0 0.318229 0.417130 0.013542 0.063889
