0 0.360677 0.547222 0.050521 0.279630
0 0.558073 0.498148 0.019271 0.101852
0 0.576042 0.500926 0.017708 0.105556
0 0.664583 0.459722 0.018750 0.091667
0 0.533073 0.459259 0.020313 0.098148
0 0.580208 0.456481 0.019792 0.100000
0 0.495573 0.455556 0.022396 0.105556
0 0.316667 0.574074 0.060417 0.325926
0 0.409635 0.528241 0.042188 0.215741
0 0.296875 0.553704 0.048958 0.277778
0 0.275260 0.475463 0.018229 0.086111
0 0.266667 0.470370 0.015625 0.096296
0 0.248177 0.480556 0.022396 0.092593
0 0.233073 0.462500 0.018229 0.076852
0 0.317188 0.484259 0.021875 0.125926
0 0.401823 0.508796 0.043229 0.189815
0 0.564063 0.456019 0.016667 0.071296
0 0.376563 0.479167 0.019792 0.115741
0 0.321875 0.460185 0.013542 0.066667
0 0.300521 0.454167 0.012500 0.067593
0 0.322656 0.456019 0.011979 0.067593
0 0.308333 0.411574 0.010417 0.039815
0 0.314583 0.411111 0.009375 0.038889
0 0.529687 0.449537 0.012500 0.063889
0 0.518490 0.457870 0.010937 0.039815
0 0.408073 0.460185 0.017188 0.088889
