0 0.734375 0.637037 0.053125 0.224074
0 0.239844 0.354167 0.039062 0.200926
0 0.073698 0.622685 0.043229 0.230556
0 0.916146 0.519907 0.039583 0.193519
0 0.584635 0.926852 0.042188 0.144444
0 0.353646 0.820833 0.052083 0.232407
0 0.429688 0.218519 0.031250 0.161111
0 0.789323 0.131944 0.027604 0.136111
0 0.721875 0.241204 0.026042 0.149074
0 0.705990 0.249537 0.026562 0.167593
0 0.346354 0.240278 0.029167 0.147222
0 0.483854 0.283796 0.038542 0.175000
0 0.069010 0.410648 0.024479 0.173148
0 0.078906 0.393056 0.028646 0.187963
0 0.420833 0.294907 0.032292 0.173148
0 0.441406 0.301389 0.026562 0.158333
0 0.640365 0.236111 0.023438 0.150000
0 0.577865 0.207870 0.025521 0.162037
0 0.380469 0.073148 0.027604 0.146296
0 0.297917 0.041667 0.021875 0.083333
0 0.079427 0.695833 0.031771 0.200926
0 0.310156 0.311111 0.028646 0.174074
0 0.291406 0.328704 0.034896 0.192593
0 0.245573 0.065278 0.024479 0.130556
0 0.209375 0.063426 0.022917 0.126852
0 0.293229 0.136574 0.025000 0.154630
0 0.262240 0.111111 0.029687 0.148148
0 0.199479 0.178704 0.028125 0.162963
0 0.263802 0.241204 0.030729 0.156481
0 0.164062 0.193519 0.027083 0.157407
0 0.190104 0.163889 0.022917 0.162963
0 0.127604 0.192130 0.023958 0.152778
0 0.147656 0.169907 0.026562 0.171296
0 0.161198 0.151852 0.028646 0.155556
0 0.153125 0.142593 0.028125 0.153704
0 0.117188 0.174074 0.020833 0.159259
0 0.488802 0.004167 0.021354 0.008333
0 0.202083 0.034722 0.020833 0.069444
0 0.230729 0.826389 0.048958 0.249074
0 0.790625 0.027315 0.025000 0.054630
