0 0.825781 0.571759 0.126562 0.382407
0 0.330469 0.535185 0.046354 0.248148
0 0.872656 0.568519 0.097396 0.340741
0 0.558854 0.498148 0.018750 0.101852
0 0.576042 0.500926 0.016667 0.105556
0 0.663281 0.460185 0.017188 0.092593
0 0.538021 0.459259 0.020833 0.107407
0 0.582292 0.457407 0.019792 0.100000
0 0.496094 0.455556 0.022396 0.105556
0 0.267448 0.544907 0.064062 0.267593
0 0.353906 0.516204 0.035937 0.178704
0 0.752604 0.459722 0.032292 0.119444
0 0.811979 0.459722 0.027083 0.113889
0 0.277344 0.541204 0.046354 0.230556
0 0.294010 0.472222 0.018229 0.087037
0 0.228125 0.463889 0.020833 0.077778
0 0.311719 0.484722 0.018229 0.125000
0 0.526563 0.456019 0.016667 0.071296
0 0.343490 0.482407 0.020313 0.122222
0 0.306250 0.416204 0.010417 0.039815
0 0.314583 0.413889 0.009375 0.038889
0 0.540625 0.446759 0.012500 0.063889
0 0.366667 0.456481 0.017708 0.079630
