0 0.552344 0.598611 0.082812 0.408333
0 0.557552 0.499074 0.020313 0.098148
0 0.575781 0.500000 0.020313 0.103704
0 0.591667 0.462500 0.019792 0.091667
0 0.517188 0.453241 0.015625 0.076852
0 0.581771 0.455093 0.019792 0.100926
0 0.516667 0.466204 0.018750 0.104630
0 0.537760 0.672685 0.085938 0.591667
0 0.732292 0.586111 0.066667 0.374074
0 0.461458 0.626389 0.067708 0.450926
0 0.219010 0.481019 0.021354 0.102778
0 0.275000 0.470370 0.016667 0.100000
0 0.249479 0.472222 0.015625 0.096296
0 0.224479 0.481944 0.025000 0.093519
0 0.226042 0.464815 0.015625 0.075926
0 0.366927 0.503241 0.033854 0.175000
0 0.728646 0.554167 0.061458 0.325000
0 0.919531 0.544444 0.100521 0.322222
0 0.687240 0.462037 0.020313 0.094444
0 0.591667 0.461111 0.025000 0.100000
0 0.413542 0.452778 0.010417 0.066667
0 0.413021 0.449074 0.013542 0.070370
0 0.322917 0.452315 0.010417 0.054630
0 0.333854 0.451389 0.011458 0.056481
0 0.266927 0.466204 0.011979 0.075000
0 0.311198 0.454630 0.010937 0.057407
0 0.298177 0.456481 0.009896 0.057407
0 0.293490 0.450926 0.010937 0.059259
0 0.317448 0.450463 0.011979 0.052778
0 0.306250 0.450000 0.011458 0.059259
0 0.280990 0.450926 0.013021 0.055556
0 0.527083 0.457870 0.015625 0.080556
0 0.314063 0.422685 0.010417 0.039815
0 0.319271 0.420370 0.009375 0.038889
