0 0.580729 0.609722 0.088542 0.436111
0 0.557813 0.497685 0.020833 0.097222
0 0.575781 0.500000 0.021354 0.103704
0 0.509635 0.450926 0.014063 0.070370
0 0.582031 0.454167 0.020313 0.100926
0 0.524740 0.465741 0.018229 0.103704
0 0.590625 0.652315 0.114583 0.563889
0 0.938021 0.631481 0.122917 0.470370
0 0.500521 0.633333 0.067708 0.487037
0 0.209635 0.481019 0.022396 0.102778
0 0.269531 0.471296 0.023438 0.100000
0 0.234896 0.472222 0.015625 0.100000
0 0.225000 0.481481 0.023958 0.094444
0 0.219792 0.465278 0.015625 0.076852
0 0.033333 0.581019 0.066667 0.421296
0 0.433333 0.508796 0.033333 0.200926
0 0.900521 0.580093 0.116667 0.393519
0 0.696354 0.519444 0.065625 0.248148
0 0.745052 0.459259 0.028646 0.100000
0 0.631510 0.460648 0.024479 0.097222
0 0.453646 0.448148 0.011458 0.064815
0 0.432292 0.447222 0.013542 0.070370
0 0.333854 0.451852 0.009375 0.055556
0 0.355990 0.450000 0.011979 0.055556
0 0.270052 0.464815 0.014063 0.074074
0 0.307552 0.452778 0.010937 0.053704
0 0.295833 0.452778 0.009375 0.053704
0 0.296094 0.449074 0.009896 0.055556
0 0.316406 0.449074 0.011979 0.050000
0 0.307552 0.447685 0.010937 0.054630
0 0.285677 0.451389 0.010937 0.056481
0 0.534635 0.457407 0.015104 0.072222
0 0.315625 0.430093 0.010417 0.039815
0 0.593229 0.461574 0.019792 0.091667
