0 0.613542 0.367593 0.030208 0.133333
0 0.447396 0.367593 0.030208 0.164815
0 0.128125 0.511574 0.158333 0.549074
0 0.489583 0.366667 0.029167 0.144444
0 0.609115 0.346759 0.018229 0.082407
0 0.703385 0.399537 0.043229 0.297222
0 0.363021 0.360185 0.019792 0.100000
0 0.688802 0.396759 0.042188 0.262037
0 0.535417 0.343981 0.014583 0.060185
0 0.196094 0.417593 0.032813 0.240741
0 0.180990 0.350000 0.022396 0.098148
0 0.163281 0.342593 0.014063 0.062963
0 0.176302 0.337500 0.014063 0.073148
0 0.560677 0.339352 0.009896 0.045370
0 0.546615 0.337037 0.010937 0.051852
0 0.331250 0.347222 0.016667 0.066667
0 0.380729 0.343981 0.012500 0.060185
0 0.392188 0.342130 0.011458 0.058333
