0 0.621615 0.611111 0.089063 0.477778
0 0.562760 0.493519 0.021354 0.105556
0 0.575521 0.499537 0.021875 0.102778
0 0.499740 0.450000 0.014063 0.070370
0 0.583594 0.455093 0.020313 0.102778
0 0.523698 0.463889 0.018229 0.100000
0 0.612760 0.656019 0.108854 0.562037
0 0.523698 0.629630 0.074479 0.475926
0 0.208854 0.481481 0.025000 0.103704
0 0.257292 0.471296 0.017708 0.101852
0 0.229687 0.472222 0.015625 0.100000
0 0.225521 0.481019 0.022917 0.095370
0 0.222135 0.464352 0.016146 0.076852
0 0.262760 0.556944 0.098437 0.352778
0 0.146354 0.555556 0.058333 0.300000
0 0.070833 0.593519 0.095833 0.370370
0 0.529948 0.521759 0.045312 0.219444
0 0.544792 0.499074 0.041667 0.192593
0 0.816667 0.455093 0.023958 0.100926
0 0.658594 0.460648 0.022396 0.095370
0 0.492969 0.450926 0.011979 0.064815
0 0.471875 0.449074 0.013542 0.070370
0 0.334115 0.456481 0.014063 0.064815
0 0.370833 0.450463 0.011458 0.060185
0 0.278646 0.453704 0.012500 0.059259
0 0.266146 0.462500 0.012500 0.076852
0 0.281250 0.450926 0.009375 0.048148
0 0.308854 0.451389 0.010417 0.052778
0 0.297917 0.451852 0.009375 0.053704
0 0.297396 0.446759 0.009375 0.052778
0 0.316146 0.447222 0.010417 0.048148
0 0.309375 0.446296 0.010417 0.051852
0 0.289323 0.449537 0.009896 0.052778
0 0.534896 0.454630 0.014583 0.070370
0 0.588542 0.461574 0.018750 0.091667
