0 0.514062 0.588889 0.067708 0.387037
0 0.557552 0.499537 0.020313 0.097222
0 0.575781 0.500000 0.020313 0.103704
0 0.591667 0.462500 0.019792 0.091667
0 0.521875 0.455556 0.017708 0.085185
0 0.581771 0.455093 0.019792 0.100926
0 0.514323 0.463889 0.018229 0.105556
0 0.472917 0.648611 0.137500 0.541667
0 0.625000 0.572685 0.075000 0.326852
0 0.426563 0.604167 0.070833 0.400926
0 0.231250 0.481481 0.022917 0.101852
0 0.276302 0.469907 0.017188 0.100926
0 0.256510 0.471759 0.016146 0.095370
0 0.225000 0.482407 0.025000 0.092593
0 0.250000 0.463889 0.015625 0.075926
0 0.336458 0.499537 0.029167 0.167593
0 0.643229 0.541204 0.055208 0.293519
0 0.652083 0.461574 0.023958 0.093519
0 0.563802 0.468519 0.021354 0.112963
0 0.392969 0.451852 0.009896 0.062963
0 0.400781 0.450463 0.009896 0.067593
0 0.315365 0.449074 0.009896 0.055556
0 0.319792 0.450926 0.009375 0.055556
0 0.267188 0.466667 0.011458 0.075926
0 0.313802 0.454630 0.010937 0.057407
0 0.300781 0.456481 0.009896 0.057407
0 0.292448 0.451389 0.011979 0.060185
0 0.320052 0.452315 0.011979 0.052778
0 0.307812 0.450000 0.011458 0.059259
0 0.278125 0.452778 0.014583 0.057407
0 0.520833 0.457870 0.016667 0.087963
0 0.311458 0.418056 0.010417 0.039815
0 0.316667 0.413889 0.009375 0.038889
