0 0.566667 0.600463 0.084375 0.423148
0 0.557813 0.498148 0.020833 0.098148
0 0.575521 0.500000 0.020833 0.103704
0 0.593750 0.461574 0.019792 0.091667
0 0.513281 0.450926 0.014063 0.070370
0 0.581771 0.454167 0.019792 0.100926
0 0.519271 0.467130 0.018750 0.104630
0 0.561458 0.668056 0.079167 0.589815
0 0.850260 0.604167 0.131771 0.410185
0 0.489323 0.626389 0.088021 0.458333
0 0.209896 0.481019 0.021875 0.102778
0 0.273438 0.471296 0.016667 0.100000
0 0.239583 0.472685 0.015625 0.097222
0 0.224740 0.481481 0.024479 0.094444
0 0.219271 0.465278 0.015625 0.076852
0 0.406250 0.502778 0.034375 0.187037
0 0.825260 0.562500 0.097396 0.362037
0 0.771615 0.524537 0.084896 0.271296
0 0.720052 0.459259 0.028646 0.098148
0 0.614583 0.463889 0.025000 0.100000
0 0.436458 0.450000 0.011458 0.064815
0 0.422917 0.449074 0.013542 0.070370
0 0.330208 0.452315 0.010417 0.054630
0 0.346615 0.450926 0.011979 0.055556
0 0.268490 0.466667 0.011979 0.074074
0 0.307812 0.453704 0.011458 0.055556
0 0.297917 0.454167 0.016667 0.054630
0 0.295312 0.449074 0.010417 0.055556
0 0.316406 0.450000 0.011979 0.051852
0 0.307552 0.449537 0.010937 0.058333
0 0.283073 0.450463 0.010937 0.054630
0 0.532292 0.457870 0.015625 0.075000
0 0.315104 0.427315 0.010417 0.039815
