0 0.405208 0.559722 0.061458 0.312037
0 0.557552 0.498148 0.020313 0.101852
0 0.575781 0.500463 0.018229 0.104630
0 0.633333 0.459722 0.019792 0.091667
0 0.530729 0.457870 0.018750 0.091667
0 0.578385 0.455556 0.020313 0.100000
0 0.509375 0.456944 0.018750 0.104630
0 0.324740 0.612963 0.077604 0.422222
0 0.457031 0.546296 0.044271 0.257407
0 0.346354 0.573611 0.063542 0.317593
0 0.255990 0.481019 0.019271 0.100926
0 0.270052 0.469907 0.018229 0.097222
0 0.261458 0.471759 0.015625 0.095370
0 0.223177 0.480556 0.032813 0.094444
0 0.253385 0.462500 0.016146 0.076852
0 0.315104 0.487963 0.022917 0.131481
0 0.481771 0.516204 0.037500 0.226852
0 0.595573 0.462963 0.018229 0.083333
0 0.453385 0.467130 0.024479 0.115741
0 0.307292 0.449537 0.010417 0.056481
0 0.318750 0.457407 0.013542 0.062963
0 0.306510 0.458796 0.010937 0.062037
0 0.295833 0.454167 0.012500 0.067593
0 0.317188 0.453704 0.011458 0.062963
0 0.278646 0.453704 0.015625 0.062963
0 0.490104 0.451852 0.015625 0.087037
0 0.309896 0.410648 0.010417 0.039815
0 0.315104 0.411111 0.009375 0.038889
0 0.506510 0.450926 0.011979 0.066667
0 0.289062 0.445370 0.011458 0.050000
