0 0.592708 0.614815 0.093750 0.442593
0 0.557813 0.497685 0.020833 0.097222
0 0.575781 0.500000 0.021354 0.103704
0 0.508594 0.450926 0.014063 0.070370
0 0.582552 0.455093 0.020313 0.100926
0 0.524740 0.465741 0.018229 0.103704
0 0.595833 0.652315 0.104167 0.563889
0 0.957812 0.631019 0.083333 0.480556
0 0.504948 0.632870 0.076563 0.486111
0 0.209635 0.480556 0.022396 0.101852
0 0.267708 0.471296 0.023958 0.100000
0 0.233854 0.472222 0.015625 0.100000
0 0.225000 0.481481 0.023958 0.094444
0 0.220052 0.465278 0.016146 0.076852
0 0.075260 0.582870 0.133854 0.417593
0 0.443750 0.508796 0.037500 0.200926
0 0.918229 0.578704 0.100000 0.407407
0 0.675781 0.515741 0.042188 0.244444
0 0.755208 0.458333 0.022917 0.101852
0 0.635677 0.461574 0.024479 0.097222
0 0.459375 0.449074 0.011458 0.064815
0 0.435417 0.447222 0.013542 0.070370
0 0.334635 0.453704 0.010937 0.057407
0 0.358073 0.450000 0.011979 0.055556
0 0.270833 0.464352 0.015625 0.073148
0 0.307552 0.452778 0.010937 0.053704
0 0.295833 0.452778 0.009375 0.053704
0 0.296094 0.449074 0.009896 0.055556
0 0.316667 0.449074 0.011458 0.050000
0 0.307552 0.447685 0.010937 0.054630
0 0.286198 0.451389 0.010937 0.056481
0 0.534635 0.457407 0.015104 0.072222
0 0.593229 0.461574 0.019792 0.091667
