0 0.972917 0.588426 0.053125 0.462037
0 0.347656 0.537037 0.046354 0.251852
0 0.558594 0.498148 0.019271 0.101852
0 0.576042 0.500926 0.016667 0.105556
0 0.665365 0.460185 0.017188 0.092593
0 0.534896 0.462037 0.020833 0.107407
0 0.581510 0.457407 0.020313 0.100000
0 0.494531 0.455556 0.022396 0.105556
0 0.279948 0.554167 0.058854 0.297222
0 0.370052 0.520370 0.039062 0.192593
0 0.793490 0.457407 0.027604 0.118519
0 0.283333 0.544444 0.045833 0.250000
0 0.293490 0.471296 0.018229 0.087037
0 0.265625 0.469444 0.014583 0.094444
0 0.228385 0.463889 0.020313 0.077778
0 0.313802 0.483333 0.020313 0.124074
0 0.540625 0.456019 0.016667 0.071296
0 0.347135 0.479630 0.019271 0.114815
0 0.323958 0.461574 0.013542 0.069444
0 0.304688 0.454167 0.012500 0.067593
0 0.327604 0.457870 0.012500 0.071296
0 0.306250 0.412500 0.010417 0.039815
0 0.314583 0.411111 0.009375 0.038889
0 0.541146 0.448611 0.012500 0.063889
0 0.384635 0.458333 0.017188 0.088889
