0 0.508854 0.420370 0.036458 0.159259
0 0.448437 0.404167 0.026042 0.121296
0 0.392188 0.397222 0.019792 0.105556
0 0.956250 0.575926 0.086458 0.527778
0 0.033854 0.449074 0.051042 0.220370
0 0.267188 0.406019 0.035417 0.132407
0 0.440104 0.402778 0.021875 0.107407
0 0.448177 0.390741 0.017188 0.096296
0 0.141146 0.415741 0.029167 0.129630
0 0.541667 0.396296 0.027083 0.140741
0 0.485677 0.388426 0.016146 0.102778
0 0.252865 0.394907 0.017188 0.095370
0 0.241406 0.395370 0.013021 0.079630
0 0.274479 0.402315 0.017708 0.087963
0 0.242969 0.386111 0.013021 0.053704
0 0.402083 0.380093 0.013542 0.063889
0 0.065365 0.384259 0.010937 0.062963
0 0.087760 0.403704 0.017188 0.094444
0 0.088281 0.394444 0.011979 0.059259
