0 0.886979 0.573148 0.100000 0.412963
0 0.336458 0.535648 0.045833 0.250926
0 0.935156 0.567130 0.117188 0.363889
0 0.558854 0.498148 0.018750 0.101852
0 0.576042 0.500926 0.016667 0.105556
0 0.663802 0.460185 0.017188 0.092593
0 0.537500 0.462037 0.020833 0.107407
0 0.582292 0.457407 0.019792 0.100000
0 0.495052 0.455556 0.022396 0.105556
0 0.276562 0.546296 0.059375 0.270370
0 0.359115 0.517593 0.035937 0.181481
0 0.769792 0.458333 0.031250 0.120370
0 0.823438 0.460185 0.027083 0.112963
0 0.283333 0.541204 0.045833 0.232407
0 0.294010 0.471759 0.018229 0.086111
0 0.265365 0.469444 0.014063 0.094444
0 0.228385 0.463889 0.020313 0.077778
0 0.311979 0.483796 0.018750 0.125000
0 0.531771 0.456019 0.016667 0.071296
0 0.343490 0.482870 0.020313 0.121296
0 0.306250 0.415278 0.010417 0.039815
0 0.314583 0.412037 0.009375 0.038889
0 0.541146 0.447685 0.012500 0.063889
0 0.373177 0.457407 0.017188 0.083333
