0 0.844792 0.654630 0.048958 0.214815
0 0.261458 0.043519 0.031250 0.087037
0 0.279687 0.608333 0.046875 0.222222
0 0.915365 0.518981 0.049479 0.193519
0 0.501563 0.928704 0.038542 0.140741
0 0.351042 0.816667 0.036458 0.231481
0 0.433333 0.213426 0.033333 0.156481
0 0.509115 0.019444 0.025521 0.038889
0 0.482031 0.019444 0.027604 0.038889
0 0.333854 0.126852 0.019792 0.131481
0 0.152083 0.307870 0.030208 0.169444
0 0.123177 0.300926 0.029687 0.187037
0 0.610156 0.940278 0.052604 0.117593
0 0.638021 0.944907 0.041667 0.108333
0 0.402604 0.145370 0.022917 0.140741
0 0.405990 0.122222 0.026562 0.157407
0 0.297917 0.040741 0.022917 0.081481
0 0.266927 0.134722 0.023438 0.143519
0 0.194271 0.975926 0.052083 0.046296
0 0.299219 0.185185 0.031771 0.161111
0 0.156250 0.068056 0.027083 0.136111
0 0.200260 0.183333 0.025521 0.159259
0 0.163021 0.193056 0.025000 0.156481
0 0.199479 0.163889 0.025000 0.159259
0 0.133854 0.198611 0.023958 0.147222
0 0.121615 0.181019 0.026562 0.167593
0 0.150781 0.166204 0.028646 0.162037
0 0.157031 0.144444 0.027604 0.151852
0 0.118229 0.174074 0.020833 0.159259
0 0.470313 0.039352 0.026042 0.078704
0 0.194271 0.385185 0.034375 0.190741
0 0.259375 0.089815 0.031250 0.153704
0 0.800521 0.943056 0.045833 0.112037
0 0.757292 0.951852 0.039583 0.094444
0 0.861458 0.267130 0.033333 0.173148
0 0.801562 0.252315 0.028125 0.163889
0 0.786458 0.071296 0.030208 0.131481
0 0.829688 0.038426 0.027083 0.076852
0 0.788021 0.035648 0.026042 0.071296
0 0.253906 0.169444 0.023438 0.161111
0 0.232031 0.175000 0.027604 0.142593
0 0.187240 0.050000 0.024479 0.100000
0 0.232031 0.067593 0.029687 0.135185
0 0.198437 0.060185 0.027083 0.120370
0 0.236198 0.053704 0.023438 0.107407
0 0.847396 0.011111 0.015625 0.022222
0 0.642969 0.057407 0.020313 0.114815
