0 0.679427 0.626389 0.092188 0.491667
0 0.588281 0.475926 0.023438 0.142593
0 0.575521 0.499537 0.022917 0.102778
0 0.487240 0.444907 0.013021 0.058333
0 0.336458 0.675926 0.200000 0.646296
0 0.563542 0.456481 0.019792 0.101852
0 0.527344 0.458796 0.018229 0.091667
0 0.674740 0.683333 0.143229 0.620370
0 0.596875 0.638426 0.094792 0.493519
0 0.210156 0.481481 0.026562 0.105556
0 0.232031 0.473148 0.018229 0.101852
0 0.227083 0.473148 0.015625 0.100000
0 0.226823 0.480556 0.022396 0.094444
0 0.225781 0.463426 0.017188 0.076852
0 0.448698 0.517130 0.046354 0.280556
0 0.435677 0.523148 0.051562 0.244444
0 0.370573 0.545833 0.060937 0.273148
0 0.304427 0.535648 0.063021 0.265741
0 0.748698 0.552315 0.065104 0.323148
0 0.423958 0.475463 0.028125 0.134259
0 0.636458 0.456944 0.017708 0.082407
0 0.540885 0.456944 0.016146 0.075000
0 0.530208 0.452315 0.013542 0.076852
0 0.332292 0.461111 0.016667 0.075926
0 0.385156 0.454630 0.014063 0.072222
0 0.296875 0.454630 0.014583 0.068519
0 0.279687 0.457870 0.012500 0.063889
0 0.252344 0.462037 0.014063 0.070370
0 0.281771 0.452315 0.009375 0.054630
0 0.310937 0.448611 0.009375 0.045370
0 0.312760 0.443056 0.008854 0.045370
0 0.311719 0.443981 0.009896 0.045370
0 0.538542 0.453704 0.013542 0.072222
0 0.586719 0.462037 0.018229 0.092593
