0 0.842187 0.646296 0.106250 0.540741
0 0.589844 0.471296 0.019271 0.144444
0 0.582031 0.482407 0.026562 0.125926
0 0.505469 0.450463 0.016146 0.075000
0 0.535937 0.463889 0.019792 0.100000
0 0.510677 0.459259 0.018229 0.090741
0 0.902865 0.674074 0.161979 0.650000
0 0.769531 0.688426 0.125521 0.600926
0 0.211719 0.481019 0.025521 0.104630
0 0.229948 0.472222 0.017188 0.100000
0 0.227865 0.473148 0.015104 0.100000
0 0.227865 0.480093 0.022396 0.093519
0 0.228646 0.462500 0.017708 0.076852
0 0.483333 0.516667 0.046875 0.275926
0 0.575260 0.515278 0.051562 0.223148
0 0.527865 0.540278 0.054688 0.258333
0 0.423958 0.519444 0.041667 0.240741
0 0.364844 0.472222 0.021354 0.114815
0 0.622656 0.453704 0.017188 0.079630
0 0.600781 0.463426 0.019271 0.087963
0 0.588281 0.458333 0.018229 0.092593
0 0.345052 0.463426 0.016146 0.086111
0 0.383073 0.458796 0.015104 0.084259
0 0.306771 0.460648 0.016667 0.073148
0 0.289844 0.462963 0.013021 0.068519
0 0.244010 0.459722 0.013021 0.067593
0 0.285677 0.456481 0.009896 0.061111
0 0.308333 0.436574 0.009375 0.043519
0 0.311719 0.443981 0.009896 0.045370
0 0.295573 0.426852 0.006771 0.029630
0 0.302344 0.425926 0.006771 0.029630
