0 0.575000 0.606944 0.086458 0.434259
0 0.557813 0.498148 0.020833 0.098148
0 0.575781 0.500000 0.021354 0.103704
0 0.510156 0.450926 0.014063 0.070370
0 0.581771 0.454167 0.019792 0.100926
0 0.524219 0.466204 0.018229 0.104630
0 0.584635 0.654630 0.108854 0.568519
0 0.930469 0.626389 0.117188 0.460185
0 0.501302 0.633796 0.070312 0.487963
0 0.209635 0.481019 0.022396 0.102778
0 0.270573 0.471296 0.022396 0.100000
0 0.235417 0.472222 0.015625 0.100000
0 0.225000 0.481481 0.023958 0.094444
0 0.219792 0.465278 0.015625 0.076852
0 0.031510 0.581481 0.063021 0.422222
0 0.428646 0.508333 0.033333 0.200000
0 0.888802 0.574537 0.098437 0.386111
0 0.708073 0.525463 0.075521 0.254630
0 0.742188 0.459722 0.031250 0.099074
0 0.628906 0.460648 0.024479 0.097222
0 0.450521 0.448148 0.011458 0.064815
0 0.430729 0.447222 0.013542 0.070370
0 0.333333 0.451852 0.009375 0.055556
0 0.354948 0.450000 0.011979 0.055556
0 0.269792 0.465278 0.013542 0.073148
0 0.307292 0.453241 0.011458 0.054630
0 0.296094 0.453704 0.009896 0.053704
0 0.296094 0.449074 0.009896 0.055556
0 0.316406 0.449074 0.011979 0.050000
0 0.307552 0.448148 0.010937 0.055556
0 0.285677 0.451389 0.010937 0.056481
0 0.534635 0.457407 0.015104 0.072222
0 0.315625 0.429167 0.010417 0.039815
