0 0.459115 0.570370 0.072396 0.344444
0 0.557292 0.498611 0.019792 0.100926
0 0.575781 0.500463 0.019271 0.104630
0 0.603646 0.461574 0.019792 0.091667
0 0.526563 0.457870 0.018750 0.091667
0 0.581771 0.455093 0.019792 0.100926
0 0.513281 0.461574 0.018229 0.104630
0 0.380729 0.637963 0.087500 0.490741
0 0.526302 0.557870 0.059896 0.295370
0 0.391667 0.590741 0.066667 0.346296
0 0.248177 0.481481 0.019271 0.100000
0 0.273958 0.470833 0.016667 0.099074
0 0.260937 0.472685 0.015625 0.095370
0 0.224219 0.481481 0.025521 0.098148
0 0.250781 0.462500 0.016146 0.076852
0 0.311979 0.494444 0.030208 0.150000
0 0.559896 0.530093 0.050000 0.254630
0 0.622135 0.460648 0.018229 0.087963
0 0.518750 0.465278 0.018750 0.112037
0 0.310417 0.448611 0.010417 0.056481
0 0.316406 0.455556 0.013021 0.059259
0 0.301823 0.457407 0.010937 0.059259
0 0.291406 0.451389 0.013021 0.063889
0 0.312500 0.452315 0.011458 0.060185
0 0.276823 0.454167 0.015104 0.060185
0 0.509635 0.456019 0.017188 0.091667
0 0.309896 0.411574 0.010417 0.039815
0 0.315625 0.411111 0.009375 0.038889
0 0.495052 0.455556 0.010937 0.064815
0 0.286458 0.446296 0.011458 0.050000
