0 0.515365 0.415278 0.035937 0.156481
0 0.454688 0.396296 0.025000 0.120370
0 0.401042 0.385648 0.019792 0.108333
0 0.961979 0.572685 0.075000 0.532407
0 0.045833 0.434722 0.054167 0.221296
0 0.281771 0.397685 0.026042 0.130556
0 0.448958 0.396296 0.021875 0.107407
0 0.457552 0.384259 0.017188 0.094444
0 0.152083 0.407407 0.029167 0.125926
0 0.551562 0.391667 0.028125 0.144444
0 0.495052 0.383796 0.016146 0.102778
0 0.262240 0.389352 0.017188 0.097222
0 0.248958 0.387963 0.013542 0.079630
0 0.282813 0.399074 0.017708 0.088889
0 0.253385 0.378704 0.014063 0.053704
0 0.411458 0.372222 0.013542 0.062963
0 0.075781 0.378241 0.010937 0.062037
0 0.099219 0.396296 0.017188 0.094444
0 0.096094 0.388889 0.011979 0.059259
