0 0.461458 0.355556 0.092708 0.433333
0 0.547917 0.349074 0.085417 0.483333
0 0.102083 0.499537 0.204167 0.999074
0 0.316406 0.499537 0.232813 0.999074
0 0.367708 0.338426 0.085417 0.425000
0 0.400000 0.335185 0.056250 0.305556
0 0.634375 0.348148 0.052083 0.316667
0 0.923698 0.505093 0.151562 0.987963
0 0.736979 0.314352 0.018750 0.110185
0 0.715625 0.312500 0.013542 0.084259
0 0.695833 0.306944 0.017708 0.076852
0 0.849740 0.308796 0.017188 0.095370
0 0.935417 0.311111 0.018750 0.111111
0 0.764323 0.306019 0.013021 0.058333
