0 0.625521 0.612963 0.089583 0.470370
0 0.558854 0.496296 0.020833 0.100000
0 0.575521 0.499537 0.021875 0.102778
0 0.501823 0.450000 0.014063 0.070370
0 0.583594 0.456019 0.020313 0.100926
0 0.523958 0.464352 0.018750 0.100926
0 0.608854 0.656944 0.101042 0.563889
0 0.513281 0.633333 0.075521 0.485185
0 0.208854 0.481019 0.023958 0.102778
0 0.260156 0.471296 0.017188 0.101852
0 0.230729 0.472222 0.015625 0.100000
0 0.225260 0.481019 0.023438 0.095370
0 0.221615 0.464352 0.016146 0.076852
0 0.227083 0.559722 0.066667 0.369444
0 0.097135 0.562500 0.100521 0.308333
0 0.028646 0.604630 0.057292 0.377778
0 0.507552 0.511111 0.041146 0.205556
0 0.572917 0.502315 0.044792 0.200926
0 0.802604 0.456019 0.021875 0.100926
0 0.653906 0.461111 0.022396 0.096296
0 0.484375 0.450000 0.011458 0.064815
0 0.460938 0.448148 0.013542 0.070370
0 0.335417 0.455556 0.013542 0.061111
0 0.367188 0.449537 0.011458 0.060185
0 0.276302 0.453704 0.011979 0.059259
0 0.268750 0.462963 0.013542 0.075926
0 0.280469 0.449537 0.008854 0.047222
0 0.308333 0.451852 0.010417 0.053704
0 0.297396 0.451852 0.009375 0.053704
0 0.297656 0.447685 0.009896 0.054630
0 0.316406 0.447222 0.010937 0.048148
0 0.308854 0.446759 0.010417 0.052778
0 0.288542 0.450463 0.010417 0.054630
0 0.534635 0.455093 0.015104 0.071296
0 0.593229 0.461574 0.019792 0.091667
