0 0.696615 0.638889 0.093229 0.498148
0 0.589844 0.475000 0.022396 0.144444
0 0.575521 0.498148 0.022917 0.105556
0 0.486719 0.444907 0.013021 0.058333
0 0.203646 0.669444 0.203125 0.659259
0 0.559375 0.456944 0.019792 0.100926
0 0.527344 0.458796 0.018229 0.091667
0 0.696875 0.685185 0.136458 0.624074
0 0.623437 0.649537 0.081250 0.517593
0 0.210677 0.481481 0.026562 0.105556
0 0.231510 0.473148 0.018229 0.101852
0 0.227344 0.473148 0.015104 0.100000
0 0.226823 0.480556 0.022396 0.094444
0 0.226302 0.463426 0.017188 0.076852
0 0.455208 0.516667 0.044792 0.279630
0 0.454688 0.520833 0.056250 0.239815
0 0.388542 0.543519 0.055208 0.272222
0 0.318229 0.530556 0.063542 0.257407
0 0.777865 0.563889 0.081771 0.342593
0 0.416406 0.475463 0.026562 0.132407
0 0.633594 0.456944 0.018229 0.080556
0 0.546875 0.458333 0.015625 0.077778
0 0.536198 0.453704 0.014063 0.075926
0 0.332292 0.461111 0.017708 0.077778
0 0.386198 0.455093 0.015104 0.073148
0 0.299219 0.454167 0.015104 0.069444
0 0.280469 0.458333 0.013021 0.064815
0 0.250781 0.462037 0.014063 0.070370
0 0.282031 0.452778 0.008854 0.055556
0 0.310937 0.448611 0.009375 0.045370
0 0.311719 0.443056 0.008854 0.045370
0 0.311719 0.443981 0.009896 0.045370
0 0.537240 0.453704 0.014063 0.072222
0 0.586719 0.462037 0.018229 0.092593
