0 0.853906 0.700926 0.039062 0.224074
0 0.251042 0.158333 0.035417 0.179630
0 0.337240 0.633796 0.048438 0.225000
0 0.915365 0.519907 0.041146 0.193519
0 0.529687 0.917593 0.046875 0.162963
0 0.351042 0.816667 0.036458 0.231481
0 0.429427 0.218519 0.030729 0.161111
0 0.761198 0.040278 0.026562 0.080556
0 0.542969 0.121296 0.027604 0.148148
0 0.511458 0.110648 0.030208 0.162037
0 0.276042 0.150926 0.026042 0.155556
0 0.494792 0.060648 0.029167 0.121296
0 0.070052 0.410648 0.026562 0.173148
0 0.054427 0.392130 0.036979 0.186111
0 0.466406 0.564352 0.046354 0.212037
0 0.493229 0.568519 0.033333 0.192593
0 0.405990 0.157407 0.026562 0.120370
0 0.382552 0.163426 0.028646 0.154630
0 0.379948 0.069907 0.025521 0.139815
0 0.297135 0.042130 0.021354 0.084259
0 0.122135 0.361574 0.027604 0.169444
0 0.252604 0.627315 0.035417 0.213889
0 0.196354 0.611111 0.044792 0.224074
0 0.294792 0.135185 0.027083 0.151852
0 0.181510 0.127315 0.032813 0.150926
0 0.200521 0.180556 0.027083 0.162963
0 0.591406 0.511111 0.031771 0.185185
0 0.160938 0.195833 0.027083 0.156481
0 0.195052 0.163889 0.025521 0.162963
0 0.128906 0.201852 0.028646 0.144444
0 0.133073 0.185648 0.031771 0.160185
0 0.147917 0.155556 0.029167 0.161111
0 0.148698 0.142130 0.025521 0.152778
0 0.117708 0.174074 0.020833 0.159259
0 0.444531 0.051389 0.027604 0.102778
0 0.236979 0.149074 0.029167 0.159259
0 0.252865 0.372685 0.038021 0.195370
0 0.949740 0.507407 0.033854 0.192593
0 0.822917 0.029167 0.025000 0.058333
0 0.939063 0.171759 0.030208 0.147222
0 0.951042 0.137500 0.035417 0.150926
0 0.869531 0.097685 0.034896 0.152778
0 0.309635 0.953704 0.048438 0.090741
0 0.234375 0.040741 0.023958 0.081481
0 0.209896 0.045833 0.028125 0.091667
0 0.722396 0.014815 0.033333 0.029630
0 0.651042 0.075926 0.034375 0.083333
