0 0.667969 0.617130 0.091146 0.487963
0 0.586979 0.476852 0.022917 0.140741
0 0.575521 0.499537 0.022917 0.102778
0 0.488281 0.445833 0.013021 0.058333
0 0.427083 0.662500 0.200000 0.673148
0 0.566146 0.456481 0.019792 0.101852
0 0.527344 0.458796 0.018229 0.091667
0 0.664062 0.680556 0.128125 0.618519
0 0.588802 0.636111 0.088021 0.483333
0 0.210156 0.481481 0.026562 0.105556
0 0.232031 0.473148 0.018229 0.101852
0 0.227083 0.473148 0.015625 0.100000
0 0.226302 0.480556 0.022396 0.094444
0 0.225781 0.463426 0.017188 0.076852
0 0.442969 0.517593 0.047396 0.279630
0 0.419531 0.525000 0.055729 0.246296
0 0.356250 0.546296 0.047917 0.277778
0 0.292969 0.538426 0.057813 0.271296
0 0.729688 0.547222 0.066667 0.314815
0 0.428385 0.477315 0.027604 0.137963
0 0.638021 0.456944 0.017708 0.082407
0 0.537760 0.456944 0.016146 0.075000
0 0.526823 0.453241 0.014063 0.073148
0 0.332031 0.462037 0.016146 0.074074
0 0.384896 0.454167 0.013542 0.071296
0 0.295573 0.454630 0.014063 0.068519
0 0.279167 0.457407 0.012500 0.062963
0 0.253385 0.462500 0.014063 0.071296
0 0.281510 0.451852 0.009896 0.053704
0 0.310937 0.447685 0.009375 0.045370
0 0.313802 0.443056 0.008854 0.045370
0 0.311719 0.443981 0.009896 0.045370
0 0.538802 0.453704 0.013021 0.072222
0 0.586719 0.462037 0.018229 0.092593
