0 0.559115 0.597685 0.081771 0.413889
0 0.557552 0.498611 0.020313 0.097222
0 0.575781 0.500000 0.020313 0.103704
0 0.591667 0.462500 0.019792 0.091667
0 0.516406 0.452778 0.015104 0.075926
0 0.581771 0.455093 0.019792 0.100926
0 0.517188 0.466204 0.018750 0.104630
0 0.542448 0.671759 0.084896 0.591667
0 0.765625 0.590741 0.104167 0.375926
0 0.464062 0.625926 0.071875 0.455556
0 0.214844 0.482407 0.020313 0.103704
0 0.274479 0.471296 0.016667 0.100000
0 0.246875 0.472222 0.015625 0.096296
0 0.224740 0.481944 0.024479 0.093519
0 0.222917 0.465741 0.015625 0.075926
0 0.378125 0.503241 0.033333 0.180556
0 0.755990 0.556944 0.079687 0.336111
0 0.870313 0.535185 0.051042 0.316667
0 0.696094 0.460185 0.024479 0.096296
0 0.592187 0.462963 0.025000 0.100000
0 0.419531 0.451389 0.014063 0.065741
0 0.415625 0.449074 0.013542 0.070370
0 0.324479 0.451389 0.010417 0.054630
0 0.337760 0.451852 0.013021 0.055556
0 0.267448 0.466667 0.011979 0.074074
0 0.310156 0.454630 0.010937 0.057407
0 0.297656 0.455556 0.010937 0.057407
0 0.293750 0.450463 0.010417 0.058333
0 0.316927 0.450463 0.011979 0.052778
0 0.306771 0.450000 0.011458 0.059259
0 0.283073 0.450000 0.010937 0.053704
0 0.528385 0.457407 0.016146 0.079630
0 0.314583 0.423611 0.010417 0.039815
0 0.319792 0.421296 0.009375 0.038889
