0 0.772135 0.636111 0.100521 0.524074
0 0.589323 0.473148 0.019271 0.144444
0 0.579167 0.483796 0.029167 0.132407
0 0.497917 0.448148 0.014583 0.068519
0 0.541667 0.461111 0.019792 0.100000
0 0.517448 0.459259 0.018229 0.090741
0 0.832552 0.670833 0.122396 0.656481
0 0.708073 0.665741 0.103646 0.550000
0 0.211979 0.481019 0.026042 0.104630
0 0.229948 0.472222 0.017188 0.100000
0 0.227604 0.473148 0.015625 0.100000
0 0.227344 0.480093 0.022396 0.093519
0 0.227865 0.462500 0.017188 0.076852
0 0.470833 0.517593 0.041667 0.277778
0 0.536198 0.515278 0.057813 0.225000
0 0.483333 0.541667 0.070833 0.264815
0 0.385156 0.524074 0.041146 0.250000
0 0.935156 0.600926 0.118229 0.444444
0 0.381771 0.473611 0.021875 0.119444
0 0.622396 0.455093 0.017708 0.076852
0 0.582812 0.459259 0.015625 0.087037
0 0.569792 0.457407 0.017708 0.090741
0 0.340365 0.463889 0.016146 0.083333
0 0.385156 0.457407 0.014063 0.081481
0 0.305208 0.458796 0.016667 0.073148
0 0.286979 0.460185 0.014583 0.068519
0 0.244792 0.460185 0.012500 0.068519
0 0.284375 0.457407 0.009375 0.061111
0 0.310937 0.449537 0.009375 0.045370
0 0.307812 0.441204 0.009375 0.043519
0 0.311719 0.443981 0.009896 0.045370
0 0.296615 0.431481 0.006771 0.029630
0 0.302865 0.428704 0.006771 0.029630
0 0.569271 0.461111 0.017708 0.088889
