0 0.347396 0.542593 0.046875 0.261111
0 0.558594 0.498148 0.019271 0.101852
0 0.575781 0.500926 0.017188 0.105556
0 0.665365 0.460185 0.017188 0.092593
0 0.533333 0.461574 0.020833 0.106481
0 0.581250 0.456481 0.019792 0.100000
0 0.494271 0.455556 0.021875 0.105556
0 0.285417 0.554167 0.067708 0.297222
0 0.377604 0.522685 0.038542 0.199074
0 0.806510 0.456481 0.026562 0.116667
0 0.283333 0.547222 0.045833 0.257407
0 0.289323 0.472222 0.018229 0.087037
0 0.265625 0.469907 0.014583 0.095370
0 0.228646 0.463889 0.019792 0.077778
0 0.314583 0.483333 0.020833 0.124074
0 0.370052 0.502778 0.033854 0.174074
0 0.546354 0.456019 0.016667 0.071296
0 0.350521 0.480556 0.019792 0.116667
0 0.323437 0.461574 0.013542 0.069444
0 0.303385 0.453704 0.011979 0.066667
0 0.326562 0.457407 0.012500 0.070370
0 0.306771 0.412500 0.010417 0.039815
0 0.314583 0.411111 0.009375 0.038889
0 0.540625 0.449537 0.012500 0.063889
0 0.390365 0.458333 0.017188 0.088889
