0 0.543750 0.593981 0.087500 0.400926
0 0.557552 0.499537 0.020313 0.097222
0 0.575781 0.500000 0.020313 0.103704
0 0.591667 0.462500 0.019792 0.091667
0 0.518490 0.453704 0.016146 0.079630
0 0.581771 0.455093 0.019792 0.100926
0 0.516146 0.465278 0.018750 0.104630
0 0.525781 0.670370 0.083854 0.587037
0 0.694010 0.579167 0.105729 0.347222
0 0.453385 0.615741 0.069271 0.427778
0 0.224219 0.480556 0.020313 0.101852
0 0.275521 0.470370 0.016667 0.100000
0 0.252344 0.471759 0.016146 0.095370
0 0.224479 0.481944 0.025000 0.093519
0 0.230208 0.464815 0.015625 0.075926
0 0.357292 0.502315 0.032292 0.173148
0 0.703646 0.547685 0.084375 0.313889
0 0.965625 0.547222 0.067708 0.346296
0 0.676042 0.462963 0.026042 0.096296
0 0.586719 0.465278 0.031771 0.106481
0 0.406771 0.451852 0.012500 0.064815
0 0.408333 0.449537 0.013542 0.067593
0 0.320312 0.452315 0.010417 0.054630
0 0.329167 0.450926 0.009375 0.055556
0 0.266406 0.466667 0.011979 0.075926
0 0.312240 0.454630 0.010937 0.057407
0 0.299219 0.456481 0.009896 0.057407
0 0.292969 0.450926 0.011979 0.059259
0 0.318490 0.451389 0.011979 0.052778
0 0.305729 0.450000 0.011458 0.059259
0 0.279167 0.452315 0.014583 0.056481
0 0.525260 0.457407 0.016146 0.083333
0 0.313021 0.420833 0.010417 0.039815
0 0.318229 0.418519 0.009375 0.038889
