0 0.845052 0.654630 0.049479 0.214815
0 0.216667 0.607407 0.055208 0.229630
0 0.916667 0.518519 0.051042 0.192593
0 0.453646 0.927315 0.040625 0.143519
0 0.351042 0.816667 0.036458 0.231481
0 0.432552 0.213426 0.029687 0.158333
0 0.497917 0.010185 0.025000 0.020370
0 0.338021 0.125926 0.020833 0.129630
0 0.168229 0.285185 0.029167 0.166667
0 0.140885 0.281481 0.030729 0.183333
0 0.582031 0.988426 0.052604 0.021296
0 0.402865 0.145370 0.024479 0.140741
0 0.404167 0.125000 0.028125 0.157407
0 0.298438 0.040741 0.023958 0.081481
0 0.263021 0.101389 0.022917 0.134259
0 0.305990 0.183333 0.025521 0.162963
0 0.173698 0.059722 0.026562 0.119444
0 0.200000 0.182407 0.025000 0.159259
0 0.163021 0.193519 0.025000 0.155556
0 0.194531 0.168981 0.026562 0.156481
0 0.129688 0.199537 0.028125 0.149074
0 0.121875 0.180556 0.026042 0.168519
0 0.149479 0.168056 0.029167 0.162037
0 0.156771 0.141667 0.027083 0.151852
0 0.118229 0.174074 0.020833 0.159259
0 0.472656 0.031481 0.025521 0.062963
0 0.179948 0.433796 0.034896 0.195370
0 0.258594 0.063426 0.029687 0.126852
0 0.732031 0.888426 0.048438 0.221296
0 0.682552 0.899074 0.047396 0.200000
0 0.860156 0.224537 0.035937 0.169444
0 0.789062 0.218981 0.027083 0.158333
0 0.721875 0.013426 0.020833 0.026852
0 0.786458 0.072222 0.030208 0.131481
0 0.810417 0.022685 0.027083 0.045370
0 0.765104 0.018519 0.025000 0.037037
0 0.265104 0.202315 0.022917 0.163889
0 0.235156 0.204630 0.031771 0.148148
0 0.154427 0.054630 0.027604 0.109259
0 0.225260 0.088889 0.027604 0.148148
0 0.195312 0.084722 0.026042 0.141667
0 0.230729 0.073611 0.022917 0.141667
0 0.841406 0.017593 0.023438 0.035185
0 0.572917 0.045370 0.037500 0.090741
