0 0.619010 0.366204 0.030729 0.132407
0 0.448437 0.362963 0.030208 0.159259
0 0.110156 0.522685 0.172396 0.563889
0 0.492708 0.362963 0.026042 0.144444
0 0.615365 0.342593 0.023438 0.088889
0 0.714323 0.397222 0.046354 0.301852
0 0.370312 0.355556 0.019792 0.100000
0 0.700781 0.391204 0.044271 0.271296
0 0.542708 0.334722 0.014583 0.060185
0 0.195833 0.410648 0.032292 0.247222
0 0.178906 0.343981 0.022396 0.099074
0 0.163281 0.341204 0.014063 0.065741
0 0.169271 0.333333 0.014583 0.074074
0 0.567708 0.338426 0.009375 0.047222
0 0.552604 0.331481 0.011458 0.051852
0 0.333854 0.343519 0.016667 0.064815
0 0.386979 0.335648 0.012500 0.060185
0 0.396875 0.337500 0.011458 0.058333
