0 0.956510 0.651389 0.085938 0.563889
0 0.590625 0.469444 0.018750 0.144444
0 0.571094 0.471296 0.021354 0.114815
0 0.520573 0.455556 0.018229 0.088889
0 0.530469 0.463426 0.020313 0.097222
0 0.487500 0.460185 0.017708 0.090741
0 0.907813 0.686574 0.137500 0.625000
0 0.211198 0.481019 0.024479 0.104630
0 0.229687 0.472685 0.015625 0.097222
0 0.228385 0.473148 0.015104 0.100000
0 0.227865 0.480093 0.022396 0.093519
0 0.230469 0.461574 0.018229 0.076852
0 0.559896 0.513889 0.069792 0.264815
0 0.619010 0.513889 0.046354 0.224074
0 0.618490 0.537037 0.052604 0.255556
0 0.506771 0.513889 0.040625 0.227778
0 0.342969 0.470370 0.018229 0.100000
0 0.647656 0.460648 0.023438 0.100926
0 0.632812 0.457870 0.021875 0.100926
0 0.354687 0.465741 0.021875 0.092593
0 0.384375 0.461574 0.019792 0.093519
0 0.312500 0.461111 0.017708 0.075926
0 0.294010 0.462500 0.014063 0.075000
0 0.239323 0.461111 0.010937 0.066667
0 0.279167 0.448611 0.012500 0.052778
0 0.289062 0.460185 0.011458 0.068519
0 0.309635 0.431019 0.009896 0.041667
0 0.310937 0.442130 0.009375 0.043519
0 0.297917 0.424074 0.006250 0.027778
0 0.302865 0.420370 0.006771 0.029630
0 0.406510 0.443981 0.014063 0.052778
0 0.553125 0.459259 0.015625 0.083333
