0 0.766406 0.561111 0.071354 0.359259
0 0.327604 0.534722 0.044792 0.245370
0 0.818490 0.557407 0.077604 0.320370
0 0.558854 0.498148 0.018750 0.101852
0 0.576042 0.500926 0.016667 0.105556
0 0.662240 0.460185 0.017188 0.092593
0 0.539062 0.454630 0.020833 0.107407
0 0.582812 0.457407 0.019792 0.100000
0 0.497396 0.455556 0.021875 0.105556
0 0.261719 0.543519 0.063021 0.261111
0 0.348958 0.510648 0.032292 0.173148
0 0.732552 0.462037 0.032813 0.114815
0 0.794531 0.459722 0.027604 0.119444
0 0.272135 0.541204 0.046354 0.230556
0 0.294010 0.472685 0.018229 0.086111
0 0.228125 0.463889 0.020833 0.077778
0 0.311979 0.483333 0.017708 0.124074
0 0.518229 0.457870 0.016667 0.071296
0 0.306250 0.418056 0.010417 0.039815
0 0.314583 0.414815 0.009375 0.038889
0 0.544792 0.448611 0.012500 0.062037
0 0.358854 0.456944 0.017708 0.078704
