0 0.654427 0.615278 0.090104 0.480556
0 0.583854 0.479167 0.022917 0.136111
0 0.575521 0.499537 0.022917 0.102778
0 0.489063 0.447222 0.013542 0.061111
0 0.666667 0.668519 0.212500 0.661111
0 0.571875 0.455556 0.019792 0.101852
0 0.527344 0.458796 0.018229 0.093519
0 0.631771 0.682407 0.114583 0.622222
0 0.568490 0.634259 0.074479 0.487037
0 0.210156 0.481481 0.026562 0.105556
0 0.234635 0.473148 0.018229 0.101852
0 0.227083 0.473148 0.015625 0.100000
0 0.226302 0.480556 0.022396 0.094444
0 0.225260 0.463426 0.017188 0.076852
0 0.426823 0.522685 0.049479 0.284259
0 0.396875 0.530556 0.053125 0.250000
0 0.323698 0.553704 0.074479 0.294444
0 0.259375 0.546296 0.065625 0.288889
0 0.704427 0.544907 0.090104 0.299074
0 0.438542 0.480556 0.026042 0.144444
0 0.641927 0.457407 0.018229 0.085185
0 0.530208 0.456944 0.016667 0.075000
0 0.518490 0.452315 0.013021 0.071296
0 0.331510 0.460185 0.015104 0.072222
0 0.383594 0.452778 0.013021 0.068519
0 0.292969 0.455556 0.013021 0.066667
0 0.278125 0.456944 0.012500 0.062037
0 0.254427 0.461111 0.013021 0.072222
0 0.281250 0.450463 0.010417 0.050926
0 0.310417 0.447685 0.009375 0.045370
0 0.300260 0.449537 0.008854 0.050926
0 0.314323 0.443519 0.008854 0.046296
0 0.311719 0.443519 0.009896 0.046296
0 0.537500 0.454167 0.012500 0.071296
0 0.586719 0.462037 0.018229 0.092593
