0 0.617448 0.613426 0.093229 0.462037
0 0.557813 0.497222 0.020833 0.098148
0 0.575781 0.500000 0.021354 0.103704
0 0.504427 0.450000 0.014063 0.070370
0 0.583073 0.456019 0.020313 0.100926
0 0.524219 0.464815 0.018229 0.101852
0 0.603125 0.656019 0.098958 0.563889
0 0.508594 0.634722 0.076563 0.489815
0 0.209375 0.480556 0.022917 0.101852
0 0.262500 0.471296 0.017708 0.103704
0 0.231771 0.472222 0.015625 0.100000
0 0.225260 0.481019 0.023438 0.095370
0 0.221094 0.465278 0.016146 0.076852
0 0.175781 0.568981 0.108854 0.382407
0 0.038542 0.569907 0.077083 0.315741
0 0.480729 0.507407 0.039583 0.200000
0 0.615104 0.512500 0.050000 0.234259
0 0.783594 0.457870 0.026562 0.102778
0 0.649740 0.461574 0.024479 0.097222
0 0.474479 0.449074 0.011458 0.064815
0 0.450000 0.447222 0.013542 0.070370
0 0.335677 0.454630 0.011979 0.061111
0 0.363542 0.451389 0.011458 0.058333
0 0.269531 0.462963 0.014063 0.074074
0 0.280990 0.449537 0.008854 0.047222
0 0.307812 0.451852 0.010417 0.053704
0 0.296875 0.451852 0.009375 0.053704
0 0.296615 0.448611 0.009896 0.054630
0 0.316667 0.448148 0.011458 0.048148
0 0.308333 0.447222 0.010417 0.053704
0 0.287500 0.449537 0.010417 0.052778
0 0.534635 0.455556 0.015104 0.072222
0 0.593229 0.461574 0.019792 0.091667
