0 0.556250 0.599537 0.081250 0.412037
0 0.557552 0.499074 0.020313 0.098148
0 0.575781 0.500000 0.020313 0.103704
0 0.591667 0.462500 0.019792 0.091667
0 0.516667 0.452778 0.015625 0.075926
0 0.581771 0.455093 0.019792 0.100926
0 0.517188 0.466204 0.018750 0.104630
0 0.539844 0.672685 0.085938 0.591667
0 0.753646 0.587037 0.092708 0.372222
0 0.462500 0.625926 0.069792 0.453704
0 0.215885 0.481481 0.020313 0.103704
0 0.275000 0.470370 0.016667 0.100000
0 0.247917 0.472222 0.015625 0.096296
0 0.224740 0.481944 0.024479 0.093519
0 0.224479 0.465741 0.015625 0.075926
0 0.372656 0.503241 0.030729 0.180556
0 0.744271 0.555556 0.067708 0.333333
0 0.896354 0.539352 0.077083 0.312037
0 0.693229 0.460185 0.022917 0.096296
0 0.591667 0.462037 0.025000 0.100000
0 0.417187 0.452315 0.012500 0.065741
0 0.414583 0.449074 0.013542 0.070370
0 0.323437 0.451389 0.010417 0.054630
0 0.336198 0.451389 0.013021 0.056481
0 0.266927 0.466204 0.011979 0.075000
0 0.310677 0.454630 0.010937 0.057407
0 0.298177 0.456481 0.009896 0.057407
0 0.293490 0.450926 0.010937 0.059259
0 0.316927 0.450463 0.011979 0.052778
0 0.306250 0.450000 0.011458 0.059259
0 0.282552 0.450000 0.011979 0.053704
0 0.527865 0.457870 0.016146 0.080556
0 0.314583 0.423611 0.010417 0.039815
0 0.319792 0.420370 0.009375 0.038889
