0 0.646094 0.616667 0.091146 0.477778
0 0.582031 0.480556 0.022396 0.133333
0 0.575521 0.499537 0.022917 0.102778
0 0.489583 0.448148 0.013542 0.062963
0 0.844531 0.647222 0.255729 0.703704
0 0.575000 0.455093 0.019792 0.102778
0 0.527344 0.458796 0.018229 0.093519
0 0.614323 0.683333 0.106771 0.624074
0 0.561719 0.634259 0.074479 0.487037
0 0.210156 0.481944 0.026562 0.104630
0 0.237500 0.473148 0.018750 0.101852
0 0.227083 0.473148 0.015625 0.100000
0 0.226302 0.481019 0.022396 0.095370
0 0.225000 0.463426 0.016667 0.076852
0 0.418490 0.527778 0.054688 0.292593
0 0.373958 0.529630 0.039583 0.255556
0 0.318750 0.553704 0.071875 0.294444
0 0.244531 0.548611 0.058854 0.293519
0 0.672396 0.540278 0.058333 0.299074
0 0.444271 0.479630 0.027083 0.146296
0 0.644010 0.457407 0.018229 0.085185
0 0.526302 0.457407 0.017188 0.075926
0 0.515365 0.452315 0.013021 0.071296
0 0.331250 0.459722 0.014583 0.071296
0 0.382812 0.452315 0.012500 0.067593
0 0.291406 0.455556 0.013021 0.066667
0 0.277604 0.456944 0.012500 0.062037
0 0.255729 0.461111 0.013542 0.072222
0 0.281250 0.450000 0.010417 0.050000
0 0.310417 0.447685 0.009375 0.045370
0 0.300260 0.449537 0.008854 0.050926
0 0.314323 0.443981 0.008854 0.047222
0 0.311719 0.443519 0.009896 0.046296
0 0.536198 0.454167 0.013021 0.071296
0 0.586719 0.462037 0.018229 0.092593
