0 0.565365 0.594907 0.082812 0.415741
0 0.557552 0.498611 0.020313 0.097222
0 0.575781 0.500000 0.020313 0.103704
0 0.591667 0.462500 0.019792 0.091667
0 0.515365 0.452315 0.015104 0.073148
0 0.581771 0.455093 0.019792 0.100926
0 0.517708 0.467130 0.018750 0.104630
0 0.549479 0.669444 0.080208 0.590741
0 0.784896 0.595370 0.091667 0.387037
0 0.469010 0.625463 0.077604 0.456481
0 0.213281 0.482407 0.020313 0.103704
0 0.274479 0.471296 0.016667 0.100000
0 0.244271 0.472222 0.015625 0.096296
0 0.224740 0.481944 0.024479 0.093519
0 0.219792 0.465741 0.015625 0.075926
0 0.390885 0.503704 0.044271 0.179630
0 0.765625 0.559259 0.084375 0.342593
0 0.844010 0.539815 0.081771 0.301852
0 0.701562 0.460185 0.022917 0.096296
0 0.597396 0.463889 0.025000 0.100000
0 0.422135 0.450463 0.016146 0.065741
0 0.418229 0.449074 0.013542 0.070370
0 0.326562 0.452315 0.010417 0.054630
0 0.341146 0.451852 0.012500 0.055556
0 0.267448 0.466667 0.011979 0.074074
0 0.309115 0.454630 0.010937 0.057407
0 0.297656 0.455093 0.013021 0.056481
0 0.294271 0.450000 0.010417 0.057407
0 0.316406 0.450463 0.011979 0.052778
0 0.306771 0.450000 0.011458 0.059259
0 0.283073 0.450463 0.010937 0.054630
0 0.529687 0.457870 0.015625 0.078704
0 0.315104 0.424537 0.010417 0.039815
0 0.320312 0.422222 0.009375 0.038889
