0 0.853906 0.700000 0.040104 0.224074
0 0.251563 0.158333 0.035417 0.179630
0 0.339323 0.633333 0.048438 0.225926
0 0.915365 0.519907 0.041146 0.193519
0 0.530208 0.917593 0.046875 0.162963
0 0.351042 0.816667 0.036458 0.231481
0 0.429427 0.218519 0.030729 0.161111
0 0.761198 0.039815 0.026562 0.079630
0 0.542969 0.120370 0.027604 0.148148
0 0.511458 0.109722 0.030208 0.162037
0 0.276042 0.150926 0.026042 0.155556
0 0.494792 0.060648 0.029167 0.121296
0 0.070052 0.410648 0.026562 0.173148
0 0.054427 0.392130 0.036979 0.186111
0 0.466146 0.565278 0.045833 0.212037
0 0.493750 0.569907 0.034375 0.193519
0 0.406250 0.157870 0.027083 0.119444
0 0.382552 0.163426 0.028646 0.154630
0 0.380208 0.069444 0.026042 0.138889
0 0.297135 0.042130 0.021354 0.084259
0 0.122135 0.360648 0.027604 0.169444
0 0.251823 0.628704 0.035937 0.212963
0 0.196094 0.613426 0.045312 0.225000
0 0.295052 0.135185 0.027604 0.151852
0 0.181510 0.127315 0.032813 0.150926
0 0.200521 0.180556 0.027083 0.162963
0 0.592969 0.512963 0.032813 0.185185
0 0.160938 0.195833 0.027083 0.156481
0 0.195052 0.163889 0.025521 0.162963
0 0.128906 0.201852 0.028646 0.144444
0 0.133073 0.185648 0.031771 0.160185
0 0.147917 0.155556 0.029167 0.161111
0 0.148438 0.142130 0.025000 0.152778
0 0.117708 0.174074 0.020833 0.159259
0 0.444531 0.051852 0.027604 0.103704
0 0.236979 0.150000 0.029167 0.159259
0 0.252865 0.371759 0.039062 0.195370
0 0.948698 0.505556 0.033854 0.192593
0 0.822656 0.029167 0.025521 0.058333
0 0.939323 0.172685 0.030729 0.147222
0 0.950521 0.137037 0.035417 0.151852
0 0.870052 0.098611 0.035937 0.152778
0 0.310937 0.955093 0.047917 0.087963
0 0.234375 0.041204 0.023958 0.082407
0 0.209375 0.046296 0.029167 0.092593
0 0.722396 0.014815 0.033333 0.029630
0 0.651042 0.075926 0.034375 0.083333
