0 0.623958 0.611111 0.088542 0.474074
0 0.560937 0.494907 0.020833 0.102778
0 0.575521 0.499537 0.021875 0.102778
0 0.500781 0.450000 0.014063 0.070370
0 0.583594 0.455556 0.020313 0.101852
0 0.523958 0.463889 0.018750 0.100000
0 0.611719 0.656481 0.106771 0.562963
0 0.518229 0.631481 0.072917 0.475926
0 0.209115 0.481481 0.024479 0.103704
0 0.258594 0.471296 0.017188 0.101852
0 0.230208 0.472222 0.015625 0.100000
0 0.225521 0.481019 0.022917 0.095370
0 0.222135 0.464352 0.016146 0.076852
0 0.256250 0.558796 0.096875 0.360185
0 0.117448 0.556019 0.076563 0.300926
0 0.056510 0.605093 0.113021 0.382407
0 0.527344 0.516204 0.045312 0.215741
0 0.558333 0.499537 0.040625 0.197222
0 0.810937 0.456019 0.023958 0.100926
0 0.655990 0.461111 0.022396 0.096296
0 0.489063 0.450926 0.011458 0.064815
0 0.465625 0.448148 0.013542 0.070370
0 0.334635 0.456944 0.014063 0.063889
0 0.369271 0.450000 0.011458 0.059259
0 0.277604 0.453704 0.012500 0.059259
0 0.267448 0.462963 0.013021 0.075926
0 0.280990 0.450463 0.008854 0.047222
0 0.308854 0.451852 0.010417 0.053704
0 0.297917 0.451852 0.009375 0.053704
0 0.297656 0.447222 0.009896 0.055556
0 0.316406 0.447222 0.010937 0.048148
0 0.309375 0.446759 0.010417 0.052778
0 0.289583 0.450463 0.010417 0.054630
0 0.534896 0.454630 0.014583 0.070370
0 0.591927 0.461574 0.019271 0.091667
