0 0.843229 0.652778 0.045833 0.218519
0 0.257292 0.061111 0.031250 0.122222
0 0.378646 0.637963 0.052083 0.238889
0 0.915625 0.519444 0.041667 0.194444
0 0.542188 0.928241 0.039583 0.141667
0 0.351042 0.816667 0.036458 0.231481
0 0.433073 0.212963 0.030729 0.157407
0 0.521354 0.036111 0.026042 0.072222
0 0.493229 0.036574 0.028125 0.073148
0 0.333333 0.126852 0.020833 0.131481
0 0.129948 0.342593 0.031771 0.174074
0 0.096875 0.329630 0.030208 0.190741
0 0.580469 0.886574 0.065104 0.225000
0 0.617708 0.889815 0.051042 0.218519
0 0.403385 0.145370 0.021354 0.140741
0 0.440365 0.134259 0.025521 0.151852
0 0.297135 0.041204 0.021354 0.082407
0 0.254167 0.178704 0.025000 0.146296
0 0.150781 0.939815 0.043229 0.118519
0 0.180729 0.908796 0.051042 0.180556
0 0.303646 0.184722 0.025000 0.160185
0 0.170052 0.091667 0.029687 0.148148
0 0.200521 0.183333 0.027083 0.161111
0 0.163021 0.193056 0.025000 0.156481
0 0.195833 0.162500 0.025000 0.163889
0 0.125260 0.200000 0.025521 0.148148
0 0.120573 0.179167 0.026562 0.167593
0 0.163021 0.166667 0.028125 0.153704
0 0.157031 0.144444 0.026562 0.148148
0 0.118229 0.174074 0.020833 0.159259
0 0.467969 0.046759 0.025521 0.093519
0 0.211979 0.325000 0.034375 0.177778
0 0.263281 0.141667 0.030729 0.162963
0 0.879167 0.318981 0.040625 0.184259
0 0.827344 0.302778 0.029687 0.170370
0 0.786458 0.070370 0.030208 0.131481
0 0.980729 0.328241 0.034375 0.163889
0 0.871094 0.058333 0.027604 0.116667
0 0.824219 0.056481 0.027604 0.112963
0 0.233333 0.135648 0.022917 0.154630
0 0.208854 0.142593 0.027083 0.138889
0 0.198177 0.031481 0.024479 0.062963
0 0.236979 0.045370 0.028125 0.090741
0 0.203125 0.042130 0.026042 0.084259
0 0.250260 0.033796 0.023438 0.067593
