0 0.374479 0.551389 0.051042 0.287963
0 0.557813 0.498148 0.019792 0.101852
0 0.576042 0.500926 0.017708 0.105556
0 0.657292 0.458796 0.019792 0.091667
0 0.533594 0.457870 0.019271 0.093519
0 0.579427 0.455556 0.020313 0.100000
0 0.497917 0.456481 0.021875 0.105556
0 0.323698 0.578241 0.068229 0.341667
0 0.420312 0.533796 0.040625 0.226852
0 0.308854 0.559259 0.052083 0.285185
0 0.270052 0.480093 0.017188 0.091667
0 0.267448 0.470370 0.016146 0.096296
0 0.241146 0.480093 0.020833 0.095370
0 0.237760 0.462500 0.019271 0.076852
0 0.318490 0.484259 0.022396 0.125926
0 0.423698 0.510185 0.042188 0.201852
0 0.573438 0.456019 0.015625 0.073148
0 0.396615 0.475000 0.019271 0.111111
0 0.320833 0.459259 0.013542 0.064815
0 0.298698 0.453241 0.011979 0.065741
0 0.321094 0.455556 0.011979 0.066667
0 0.284375 0.454630 0.014583 0.064815
0 0.308854 0.410648 0.010417 0.039815
0 0.315104 0.411111 0.009375 0.038889
0 0.526042 0.452315 0.012500 0.063889
0 0.512760 0.458796 0.010937 0.039815
0 0.416146 0.460185 0.016667 0.088889
0 0.293490 0.447222 0.010937 0.051852
