0 0.625260 0.612963 0.090104 0.468519
0 0.558333 0.496759 0.020833 0.099074
0 0.575521 0.499537 0.021875 0.102778
0 0.502344 0.450000 0.014063 0.070370
0 0.583594 0.456019 0.020313 0.100926
0 0.523958 0.464352 0.018750 0.100926
0 0.608073 0.656944 0.099479 0.563889
0 0.511979 0.633796 0.076042 0.487963
0 0.208854 0.481019 0.023958 0.102778
0 0.260417 0.471296 0.016667 0.101852
0 0.230729 0.472222 0.015625 0.100000
0 0.225260 0.481019 0.023438 0.095370
0 0.221615 0.465278 0.016146 0.076852
0 0.216406 0.560185 0.057813 0.372222
0 0.086979 0.562500 0.091667 0.310185
0 0.501823 0.509722 0.040104 0.202778
0 0.576562 0.504167 0.047917 0.200926
0 0.799219 0.456019 0.019271 0.100926
0 0.654167 0.461111 0.022917 0.096296
0 0.483073 0.450000 0.011979 0.064815
0 0.459896 0.448148 0.013542 0.070370
0 0.335677 0.455556 0.013021 0.061111
0 0.366667 0.449537 0.011458 0.060185
0 0.275781 0.453704 0.011979 0.059259
0 0.269010 0.462963 0.014063 0.075926
0 0.280469 0.449537 0.008854 0.047222
0 0.308333 0.451852 0.010417 0.053704
0 0.297396 0.451852 0.009375 0.053704
0 0.297656 0.447685 0.009896 0.054630
0 0.316406 0.447222 0.010937 0.048148
0 0.308854 0.446759 0.010417 0.052778
0 0.288542 0.450463 0.010417 0.054630
0 0.534635 0.455093 0.015104 0.071296
0 0.593229 0.461574 0.019792 0.091667
