0 0.409115 0.561111 0.059896 0.314815
0 0.557552 0.498148 0.020313 0.101852
0 0.576042 0.500463 0.018750 0.104630
0 0.630729 0.459722 0.019792 0.091667
0 0.530729 0.457870 0.018750 0.091667
0 0.578385 0.455556 0.020313 0.100000
0 0.509896 0.457870 0.018750 0.104630
0 0.322917 0.610185 0.081250 0.427778
0 0.459375 0.545370 0.043750 0.261111
0 0.351302 0.575000 0.063021 0.320370
0 0.254688 0.480556 0.017708 0.100000
0 0.270573 0.469907 0.018229 0.097222
0 0.261458 0.471759 0.015625 0.095370
0 0.223177 0.481481 0.032813 0.094444
0 0.253385 0.462500 0.016146 0.076852
0 0.314063 0.488426 0.022917 0.132407
0 0.489063 0.518519 0.035417 0.229630
0 0.597135 0.462963 0.017188 0.083333
0 0.461198 0.466204 0.020313 0.113889
0 0.307292 0.449537 0.010417 0.056481
0 0.318490 0.457407 0.013021 0.062963
0 0.305469 0.458796 0.010937 0.062037
0 0.295052 0.454167 0.013021 0.067593
0 0.316667 0.453704 0.011458 0.062963
0 0.278385 0.453704 0.015104 0.062963
0 0.491927 0.451852 0.015104 0.087037
0 0.309896 0.410648 0.010417 0.039815
0 0.315104 0.411111 0.009375 0.038889
0 0.505990 0.451852 0.011979 0.066667
0 0.288542 0.445370 0.011458 0.050000
