0 0.641146 0.616204 0.090625 0.475000
0 0.580729 0.481481 0.022917 0.131481
0 0.575521 0.499537 0.022917 0.102778
0 0.490104 0.449074 0.013542 0.064815
0 0.913281 0.655093 0.172396 0.687963
0 0.577083 0.455093 0.019792 0.102778
0 0.527344 0.458796 0.018229 0.095370
0 0.604688 0.681019 0.103125 0.619444
0 0.557552 0.633796 0.074479 0.486111
0 0.210156 0.481944 0.026562 0.104630
0 0.239323 0.472685 0.019271 0.102778
0 0.227083 0.473148 0.015625 0.100000
0 0.226302 0.481019 0.022396 0.095370
0 0.224740 0.463426 0.017188 0.076852
0 0.411719 0.527778 0.058854 0.298148
0 0.359635 0.529630 0.064062 0.255556
0 0.309115 0.554630 0.060937 0.294444
0 0.229427 0.550463 0.051562 0.295370
0 0.659115 0.543981 0.059896 0.295370
0 0.447917 0.478704 0.028125 0.148148
0 0.645052 0.457407 0.018229 0.087037
0 0.524219 0.458333 0.017188 0.075926
0 0.513281 0.452315 0.013021 0.071296
0 0.331250 0.458796 0.014583 0.071296
0 0.382292 0.451852 0.012500 0.066667
0 0.290365 0.455556 0.013021 0.066667
0 0.277083 0.456019 0.012500 0.062037
0 0.256510 0.461111 0.014063 0.074074
0 0.280990 0.450000 0.009896 0.050000
0 0.310156 0.447685 0.009896 0.045370
0 0.300781 0.449537 0.008854 0.050926
0 0.314323 0.443981 0.008854 0.047222
0 0.311719 0.443519 0.009896 0.046296
0 0.535677 0.454167 0.014063 0.071296
0 0.586719 0.462037 0.018229 0.092593
