0 0.677083 0.624074 0.091667 0.490741
0 0.588021 0.476389 0.022917 0.141667
0 0.575521 0.499537 0.022917 0.102778
0 0.487240 0.444907 0.013021 0.058333
0 0.356771 0.674537 0.200000 0.649074
0 0.564063 0.456481 0.019792 0.101852
0 0.527344 0.458796 0.018229 0.091667
0 0.672396 0.682870 0.140625 0.619444
0 0.595052 0.637500 0.093229 0.491667
0 0.210156 0.481481 0.026562 0.105556
0 0.232031 0.473148 0.018229 0.101852
0 0.227083 0.473148 0.015625 0.100000
0 0.226823 0.480556 0.022396 0.094444
0 0.225781 0.463426 0.017188 0.076852
0 0.447917 0.517130 0.047917 0.280556
0 0.432292 0.523611 0.051042 0.245370
0 0.367708 0.546296 0.058333 0.274074
0 0.302083 0.536111 0.062500 0.266667
0 0.744271 0.550463 0.059375 0.321296
0 0.425000 0.475926 0.028125 0.135185
0 0.636719 0.456944 0.018229 0.082407
0 0.540104 0.456944 0.015625 0.075000
0 0.529687 0.452778 0.013542 0.075926
0 0.332292 0.461111 0.016667 0.075926
0 0.385156 0.454167 0.014063 0.071296
0 0.296875 0.454630 0.014583 0.068519
0 0.279427 0.457870 0.013021 0.063889
0 0.252344 0.462037 0.014063 0.070370
0 0.281771 0.451852 0.009375 0.053704
0 0.310937 0.447685 0.009375 0.045370
0 0.313281 0.443056 0.008854 0.045370
0 0.311719 0.443981 0.009896 0.045370
0 0.538542 0.453704 0.013542 0.072222
0 0.586719 0.462037 0.018229 0.092593
