0 0.627344 0.614352 0.089063 0.467593
0 0.577865 0.483333 0.022396 0.127778
0 0.575521 0.499537 0.022917 0.102778
0 0.492188 0.449074 0.013542 0.064815
0 0.579688 0.455093 0.019792 0.102778
0 0.527344 0.458796 0.018229 0.095370
0 0.600521 0.653704 0.100000 0.564815
0 0.550521 0.630556 0.070833 0.479630
0 0.210677 0.482407 0.026562 0.103704
0 0.244531 0.472222 0.020313 0.101852
0 0.227083 0.473148 0.015625 0.100000
0 0.225781 0.481019 0.022396 0.095370
0 0.224479 0.463426 0.016667 0.076852
0 0.391927 0.525926 0.059896 0.301852
0 0.330990 0.532870 0.048438 0.260185
0 0.273698 0.560648 0.078646 0.302778
0 0.196094 0.555556 0.088021 0.309259
0 0.639323 0.536574 0.053646 0.265741
0 0.460417 0.483796 0.029167 0.160185
0 0.649219 0.457870 0.018229 0.087963
0 0.519010 0.455556 0.014063 0.072222
0 0.508073 0.451389 0.013021 0.071296
0 0.331250 0.458796 0.014583 0.071296
0 0.380990 0.451389 0.013021 0.065741
0 0.288542 0.454167 0.012500 0.065741
0 0.276562 0.456019 0.012500 0.062037
0 0.258594 0.462037 0.013021 0.075926
0 0.280990 0.450000 0.009896 0.050000
0 0.309635 0.448148 0.009896 0.046296
0 0.300781 0.449537 0.008854 0.050926
0 0.314583 0.445370 0.009375 0.048148
0 0.311198 0.443981 0.009896 0.047222
0 0.536719 0.453241 0.013021 0.067593
0 0.586719 0.462037 0.018229 0.092593
