0 0.594531 0.616204 0.094271 0.443519
0 0.557813 0.497685 0.020833 0.097222
0 0.575781 0.500000 0.021354 0.103704
0 0.508594 0.450926 0.014063 0.070370
0 0.582552 0.455093 0.020313 0.100926
0 0.524740 0.465741 0.018229 0.103704
0 0.596615 0.652315 0.102604 0.563889
0 0.963281 0.631481 0.072396 0.479630
0 0.504427 0.632870 0.075521 0.486111
0 0.209635 0.480556 0.022396 0.101852
0 0.267708 0.471296 0.023958 0.100000
0 0.233333 0.472222 0.015625 0.100000
0 0.225000 0.481481 0.023958 0.094444
0 0.220312 0.465278 0.015625 0.076852
0 0.083073 0.583333 0.144271 0.416667
0 0.445312 0.508796 0.038542 0.200926
0 0.922656 0.577778 0.095312 0.409259
0 0.672135 0.515278 0.047396 0.241667
0 0.757552 0.458333 0.022396 0.101852
0 0.636198 0.461574 0.024479 0.097222
0 0.459896 0.449074 0.011458 0.064815
0 0.435937 0.447222 0.013542 0.070370
0 0.334896 0.454167 0.011458 0.058333
0 0.358594 0.450000 0.011979 0.055556
0 0.271094 0.464352 0.016146 0.073148
0 0.307552 0.452778 0.010937 0.053704
0 0.295833 0.452778 0.009375 0.053704
0 0.296094 0.449074 0.009896 0.055556
0 0.316667 0.449074 0.011458 0.050000
0 0.307552 0.447685 0.010937 0.054630
0 0.286198 0.451389 0.010937 0.056481
0 0.534635 0.457407 0.015104 0.072222
0 0.593229 0.461574 0.019792 0.091667
