0 0.605729 0.345370 0.032292 0.138889
0 0.427083 0.339815 0.031250 0.161111
0 0.466667 0.348148 0.029167 0.144444
0 0.613281 0.326389 0.018229 0.095370
0 0.733333 0.390741 0.050000 0.351852
0 0.367448 0.334259 0.021354 0.100000
0 0.712500 0.387037 0.048958 0.303704
0 0.532031 0.320833 0.014063 0.063889
0 0.134635 0.401389 0.057813 0.271296
0 0.129167 0.330093 0.021875 0.106481
0 0.118750 0.319444 0.014583 0.079630
0 0.137240 0.312963 0.015104 0.077778
0 0.556771 0.315741 0.011458 0.048148
0 0.544010 0.315278 0.011979 0.050926
0 0.390625 0.326389 0.011458 0.058333
0 0.358854 0.309722 0.009375 0.034259
