0 0.519531 0.585185 0.071354 0.390741
0 0.557552 0.499537 0.020313 0.097222
0 0.575781 0.500000 0.020313 0.103704
0 0.591667 0.462500 0.019792 0.091667
0 0.520833 0.455093 0.016667 0.084259
0 0.581771 0.455093 0.019792 0.100926
0 0.514844 0.464352 0.018229 0.104630
0 0.484635 0.648611 0.114062 0.541667
0 0.640885 0.573611 0.064062 0.334259
0 0.436979 0.608333 0.081250 0.407407
0 0.228906 0.481944 0.018229 0.102778
0 0.276042 0.469907 0.016667 0.100926
0 0.255469 0.471759 0.016146 0.095370
0 0.224479 0.481944 0.025000 0.093519
0 0.245833 0.463889 0.015625 0.075926
0 0.347135 0.502315 0.040104 0.167593
0 0.655469 0.545833 0.068229 0.299074
0 0.659635 0.462037 0.024479 0.094444
0 0.570833 0.465741 0.021875 0.107407
0 0.397135 0.451852 0.009896 0.064815
0 0.403385 0.450463 0.009896 0.067593
0 0.316667 0.450000 0.010417 0.055556
0 0.322396 0.450926 0.009375 0.055556
0 0.266927 0.466667 0.010937 0.075926
0 0.313281 0.454630 0.010937 0.057407
0 0.300260 0.456481 0.009896 0.057407
0 0.292448 0.451389 0.011979 0.060185
0 0.319531 0.452315 0.011979 0.052778
0 0.306771 0.450000 0.011458 0.059259
0 0.278646 0.452778 0.014583 0.057407
0 0.522135 0.457870 0.016146 0.086111
0 0.311458 0.418981 0.010417 0.039815
0 0.317188 0.415741 0.009375 0.038889
