0 0.344792 0.543519 0.050000 0.270370
0 0.558333 0.498148 0.019792 0.101852
0 0.576042 0.500926 0.017708 0.105556
0 0.665365 0.460185 0.017188 0.092593
0 0.533073 0.460648 0.020313 0.102778
0 0.580729 0.456481 0.019792 0.100000
0 0.493490 0.455556 0.022396 0.105556
0 0.306510 0.561111 0.058854 0.303704
0 0.390885 0.524074 0.046354 0.200000
0 0.828646 0.454630 0.026042 0.114815
0 0.292969 0.547685 0.048438 0.262037
0 0.282552 0.473611 0.018229 0.086111
0 0.265885 0.469907 0.015104 0.095370
0 0.253646 0.478241 0.017708 0.093519
0 0.228646 0.463889 0.019792 0.077778
0 0.315885 0.483796 0.021354 0.125000
0 0.381510 0.506019 0.033854 0.180556
0 0.553646 0.456019 0.016667 0.071296
0 0.359896 0.480093 0.019792 0.115741
0 0.322917 0.460648 0.013542 0.067593
0 0.301823 0.454167 0.011979 0.067593
0 0.324740 0.456944 0.011979 0.069444
0 0.307292 0.411574 0.010417 0.039815
0 0.314583 0.411111 0.009375 0.038889
0 0.538542 0.449537 0.012500 0.063889
0 0.399740 0.460185 0.017188 0.088889
