0 0.823177 0.570370 0.124479 0.379630
0 0.330208 0.535185 0.045833 0.248148
0 0.866927 0.570833 0.100521 0.337963
0 0.558854 0.498148 0.018750 0.101852
0 0.576042 0.500926 0.016667 0.105556
0 0.663281 0.460185 0.017188 0.092593
0 0.538542 0.459259 0.020833 0.107407
0 0.582292 0.457407 0.019792 0.100000
0 0.496354 0.455556 0.021875 0.105556
0 0.266667 0.545370 0.064583 0.268519
0 0.353906 0.516204 0.035937 0.178704
0 0.751563 0.460648 0.030208 0.119444
0 0.810937 0.459722 0.027083 0.113889
0 0.276823 0.541204 0.046354 0.230556
0 0.294010 0.472222 0.018229 0.087037
0 0.228125 0.463889 0.020833 0.077778
0 0.311719 0.485185 0.018229 0.124074
0 0.526563 0.456019 0.016667 0.071296
0 0.344010 0.483333 0.020313 0.124074
0 0.306250 0.416204 0.010417 0.039815
0 0.314583 0.413889 0.009375 0.038889
0 0.541146 0.446759 0.012500 0.063889
0 0.366146 0.456944 0.017708 0.078704
