0 0.624740 0.371759 0.031771 0.143519
0 0.452604 0.356481 0.029167 0.142593
0 0.298438 0.425926 0.080208 0.370370
0 0.969531 0.640278 0.059896 0.717593
0 0.216927 0.389352 0.078646 0.295370
0 0.493750 0.355556 0.029167 0.129630
0 0.538802 0.332407 0.014063 0.055556
0 0.584635 0.361574 0.027604 0.160185
0 0.312760 0.343981 0.021354 0.100926
0 0.591146 0.365741 0.027083 0.144444
0 0.684896 0.356944 0.019792 0.113889
0 0.274479 0.360185 0.019792 0.120370
0 0.248958 0.359259 0.022917 0.120370
0 0.300781 0.370370 0.022396 0.129630
0 0.005208 0.362500 0.010417 0.158333
0 0.512240 0.332870 0.009896 0.036111
0 0.387240 0.331481 0.014063 0.061111
0 0.362760 0.330556 0.014063 0.072222
0 0.350000 0.333796 0.012500 0.060185
0 0.356510 0.333796 0.011979 0.058333
