0 0.670052 0.618519 0.091146 0.488889
0 0.587240 0.476852 0.023438 0.140741
0 0.575521 0.499537 0.022917 0.102778
0 0.487760 0.444907 0.013021 0.058333
0 0.410417 0.665741 0.200000 0.666667
0 0.565625 0.456481 0.019792 0.101852
0 0.527344 0.458796 0.018229 0.091667
0 0.666146 0.680556 0.131250 0.618519
0 0.590104 0.636111 0.089583 0.485185
0 0.210156 0.481481 0.026562 0.105556
0 0.232031 0.473148 0.018229 0.101852
0 0.227083 0.473148 0.015625 0.100000
0 0.226302 0.480556 0.022396 0.094444
0 0.225781 0.463426 0.017188 0.076852
0 0.444271 0.517593 0.047917 0.279630
0 0.422917 0.524537 0.054167 0.247222
0 0.359115 0.546296 0.050521 0.275926
0 0.295052 0.537500 0.058854 0.269444
0 0.733073 0.547685 0.061979 0.315741
0 0.427604 0.476852 0.028125 0.137037
0 0.637760 0.456944 0.018229 0.082407
0 0.538281 0.456944 0.016146 0.075000
0 0.527865 0.454167 0.014063 0.073148
0 0.332031 0.461574 0.016146 0.075000
0 0.384896 0.454167 0.013542 0.071296
0 0.296094 0.454630 0.014063 0.068519
0 0.279167 0.457407 0.012500 0.062963
0 0.252865 0.462037 0.014063 0.070370
0 0.281510 0.451852 0.009896 0.053704
0 0.310937 0.447685 0.009375 0.045370
0 0.313802 0.443056 0.008854 0.045370
0 0.311719 0.443981 0.009896 0.045370
0 0.538802 0.453704 0.013021 0.072222
0 0.586719 0.462037 0.018229 0.092593
