0 0.622396 0.349074 0.032292 0.138889
0 0.443750 0.346296 0.031250 0.162963
0 0.062760 0.559722 0.125521 0.682407
0 0.479167 0.353704 0.029167 0.144444
0 0.624740 0.338426 0.020313 0.091667
0 0.739062 0.396759 0.051042 0.337963
0 0.378646 0.340741 0.020833 0.101852
0 0.718229 0.393981 0.045833 0.289815
0 0.547917 0.325463 0.014583 0.060185
0 0.178646 0.408333 0.058333 0.264815
0 0.157812 0.327315 0.021875 0.106481
0 0.143490 0.320370 0.015104 0.074074
0 0.148438 0.319907 0.014583 0.076852
0 0.572396 0.322222 0.010417 0.046296
0 0.559115 0.324074 0.010937 0.055556
0 0.327344 0.329167 0.017188 0.065741
0 0.394271 0.327315 0.012500 0.060185
0 0.402604 0.326389 0.011458 0.058333
