0 0.846354 0.656019 0.052083 0.217593
0 0.342448 0.623611 0.051562 0.225000
0 0.916146 0.518981 0.039583 0.195370
0 0.491927 0.935648 0.041146 0.126852
0 0.351042 0.816667 0.036458 0.231481
0 0.431510 0.208333 0.036979 0.157407
0 0.337240 0.125463 0.020313 0.128704
0 0.198437 0.234259 0.028125 0.153704
0 0.218750 0.243519 0.034375 0.177778
0 0.405208 0.142130 0.027083 0.147222
0 0.395833 0.108333 0.030208 0.151852
0 0.302083 0.038889 0.028125 0.077778
0 0.297135 0.187963 0.028646 0.153704
0 0.174219 0.060185 0.022396 0.120370
0 0.210938 0.178704 0.029167 0.159259
0 0.164062 0.194444 0.026042 0.155556
0 0.198958 0.157870 0.023958 0.158333
0 0.133594 0.202315 0.027604 0.156481
0 0.119010 0.181944 0.025521 0.169444
0 0.151823 0.161574 0.031771 0.156481
0 0.190625 0.145370 0.026042 0.150000
0 0.119271 0.162963 0.020833 0.159259
0 0.467187 0.024074 0.026042 0.048148
0 0.196354 0.896759 0.047917 0.204630
0 0.498177 0.372222 0.036979 0.192593
0 0.454688 0.373148 0.033333 0.181481
0 0.638281 0.723611 0.046354 0.239815
0 0.930469 0.742593 0.047396 0.227778
0 0.959115 0.700000 0.038021 0.224074
0 0.764583 0.037963 0.029167 0.075926
0 0.727865 0.039352 0.023438 0.078704
0 0.956771 0.261574 0.036458 0.171296
0 0.886458 0.221759 0.029167 0.156481
0 0.782552 0.235648 0.032813 0.147222
0 0.638542 0.200000 0.031250 0.155556
0 0.455729 0.036111 0.026042 0.072222
0 0.415104 0.031481 0.023958 0.062963
0 0.403906 0.039352 0.026562 0.078704
0 0.276562 0.146759 0.026042 0.141667
0 0.217969 0.518056 0.034896 0.206481
0 0.178646 0.522685 0.041667 0.189815
0 0.244792 0.143519 0.029167 0.161111
0 0.248177 0.090741 0.031771 0.144444
0 0.212500 0.065278 0.029167 0.130556
0 0.235417 0.065741 0.025000 0.131481
0 0.226042 0.347685 0.035417 0.180556
0 0.179948 0.346759 0.031771 0.178704
0 0.278385 0.331481 0.033854 0.168519
0 0.384635 0.027778 0.021354 0.055556
