0 0.483854 0.430556 0.036458 0.159259
0 0.426302 0.410648 0.025521 0.119444
0 0.362500 0.405093 0.019792 0.102778
0 0.962760 0.581944 0.073438 0.521296
0 0.024479 0.452315 0.048958 0.217593
0 0.241146 0.418056 0.031250 0.130556
0 0.411458 0.407407 0.020833 0.107407
0 0.422396 0.404630 0.019792 0.098148
0 0.110417 0.429167 0.030208 0.134259
0 0.512760 0.406481 0.027604 0.135185
0 0.459635 0.400463 0.016146 0.102778
0 0.225260 0.408796 0.017188 0.091667
0 0.212240 0.408333 0.013021 0.075926
0 0.245312 0.414352 0.017708 0.087963
0 0.214583 0.399537 0.011458 0.054630
0 0.373437 0.392130 0.013542 0.063889
0 0.034375 0.398611 0.011458 0.065741
0 0.058854 0.420833 0.017708 0.095370
0 0.054948 0.408333 0.011979 0.059259
