0 0.647396 0.616204 0.090625 0.478704
0 0.582292 0.480093 0.022917 0.134259
0 0.575521 0.499537 0.022917 0.102778
0 0.489583 0.448148 0.013542 0.062963
0 0.816667 0.645370 0.255208 0.707407
0 0.574479 0.455093 0.019792 0.102778
0 0.527344 0.458796 0.018229 0.093519
0 0.617188 0.683333 0.108333 0.624074
0 0.562760 0.634259 0.074479 0.487037
0 0.210156 0.481944 0.026562 0.104630
0 0.236979 0.473148 0.018750 0.101852
0 0.227083 0.473148 0.015625 0.100000
0 0.226302 0.481019 0.022396 0.095370
0 0.225000 0.463426 0.016667 0.076852
0 0.419792 0.526852 0.054167 0.290741
0 0.377604 0.529167 0.039583 0.254630
0 0.319531 0.553704 0.072396 0.294444
0 0.248438 0.548148 0.060417 0.292593
0 0.677604 0.540278 0.063542 0.299074
0 0.443229 0.479630 0.027083 0.146296
0 0.643490 0.457407 0.018229 0.085185
0 0.526823 0.457407 0.017188 0.075926
0 0.515885 0.452315 0.013021 0.071296
0 0.331250 0.459722 0.014583 0.071296
0 0.383073 0.452315 0.013021 0.067593
0 0.291406 0.455556 0.013021 0.066667
0 0.277604 0.456944 0.012500 0.062037
0 0.255469 0.461111 0.014063 0.072222
0 0.281250 0.450000 0.010417 0.050000
0 0.310417 0.447685 0.009375 0.045370
0 0.300260 0.449537 0.008854 0.050926
0 0.314323 0.443981 0.008854 0.047222
0 0.311719 0.443519 0.009896 0.046296
0 0.536458 0.454167 0.013542 0.071296
0 0.586719 0.462037 0.018229 0.092593
