0 0.621615 0.610185 0.084896 0.479630
0 0.564844 0.492130 0.021354 0.108333
0 0.575521 0.499537 0.021875 0.102778
0 0.498698 0.449537 0.014063 0.069444
0 0.583854 0.455093 0.019792 0.102778
0 0.523438 0.463426 0.018750 0.099074
0 0.613542 0.656019 0.110417 0.562037
0 0.531250 0.628704 0.072917 0.475926
0 0.208854 0.481481 0.026042 0.103704
0 0.255729 0.471296 0.018750 0.101852
0 0.229167 0.472222 0.015625 0.100000
0 0.225521 0.481019 0.022917 0.095370
0 0.222396 0.464352 0.016667 0.076852
0 0.283333 0.546759 0.077083 0.343519
0 0.170573 0.555093 0.088021 0.297222
0 0.122135 0.586111 0.080729 0.355556
0 0.015104 0.576389 0.030208 0.349074
0 0.537240 0.522222 0.046354 0.225926
0 0.528646 0.498148 0.042708 0.187037
0 0.823958 0.455093 0.023958 0.100926
0 0.662500 0.458333 0.021875 0.090741
0 0.497656 0.451852 0.011979 0.064815
0 0.477083 0.449074 0.013542 0.070370
0 0.333854 0.456019 0.014583 0.065741
0 0.373177 0.450926 0.011979 0.061111
0 0.279948 0.454167 0.013021 0.060185
0 0.264844 0.462500 0.011979 0.076852
0 0.281250 0.450926 0.009375 0.048148
0 0.308854 0.450926 0.010417 0.051852
0 0.298438 0.451852 0.009375 0.053704
0 0.315885 0.447222 0.009896 0.048148
0 0.309375 0.445833 0.010417 0.050926
0 0.289323 0.449537 0.009896 0.052778
0 0.535156 0.454630 0.014063 0.070370
0 0.586719 0.462037 0.018229 0.092593
