0 0.601562 0.380556 0.031250 0.135185
0 0.430729 0.381944 0.031250 0.152778
0 0.183594 0.475926 0.129688 0.477778
0 0.488802 0.380556 0.026562 0.140741
0 0.581510 0.356019 0.016146 0.076852
0 0.664323 0.401852 0.039062 0.259259
0 0.333073 0.371759 0.020313 0.097222
0 0.651563 0.399537 0.037500 0.226852
0 0.517188 0.350000 0.014583 0.059259
0 0.215104 0.413426 0.032292 0.202778
0 0.541927 0.349537 0.010937 0.037963
0 0.525260 0.348611 0.010937 0.043519
0 0.334115 0.357407 0.015104 0.066667
0 0.361458 0.354167 0.012500 0.060185
0 0.370312 0.356019 0.011458 0.058333
