0 0.845052 0.654630 0.049479 0.214815
0 0.252604 0.034722 0.031250 0.069444
0 0.234375 0.604630 0.042708 0.229630
0 0.916667 0.518981 0.052083 0.193519
0 0.467969 0.929167 0.039062 0.139815
0 0.351042 0.816667 0.036458 0.231481
0 0.433333 0.213889 0.032292 0.157407
0 0.501042 0.012963 0.025000 0.025926
0 0.339062 0.125926 0.020833 0.129630
0 0.159375 0.290741 0.029167 0.162963
0 0.134115 0.287963 0.030729 0.179630
0 0.592448 0.969907 0.052604 0.058333
0 0.636458 0.973611 0.048958 0.050926
0 0.402865 0.145833 0.024479 0.141667
0 0.403385 0.121296 0.026562 0.159259
0 0.298177 0.040741 0.023438 0.081481
0 0.262500 0.110648 0.022917 0.134259
0 0.305208 0.183796 0.025000 0.163889
0 0.165885 0.062963 0.026562 0.125926
0 0.200000 0.183333 0.025000 0.159259
0 0.163021 0.193519 0.025000 0.155556
0 0.195052 0.167593 0.026562 0.157407
0 0.129948 0.199074 0.027604 0.148148
0 0.122135 0.181019 0.026562 0.167593
0 0.151042 0.168056 0.029167 0.162037
0 0.156771 0.141667 0.027083 0.151852
0 0.118229 0.174074 0.020833 0.159259
0 0.472917 0.033333 0.026042 0.066667
0 0.182552 0.417130 0.035937 0.195370
0 0.256510 0.067593 0.027604 0.135185
0 0.756771 0.906944 0.054167 0.184259
0 0.710938 0.915741 0.042708 0.166667
0 0.864323 0.231019 0.039062 0.165741
0 0.791927 0.230556 0.027604 0.157407
0 0.786458 0.071296 0.030208 0.131481
0 0.811979 0.027315 0.027083 0.054630
0 0.775260 0.021759 0.025521 0.043519
0 0.261458 0.188426 0.022917 0.163889
0 0.234896 0.189815 0.036458 0.146296
0 0.161719 0.051389 0.028646 0.102778
0 0.226562 0.075463 0.028125 0.147222
0 0.197396 0.072685 0.026042 0.141667
0 0.229687 0.065278 0.022917 0.130556
0 0.843490 0.016204 0.019271 0.032407
0 0.599740 0.047685 0.030729 0.095370
