0 0.356250 0.545370 0.052083 0.275926
0 0.558073 0.498148 0.019271 0.101852
0 0.576042 0.500926 0.017708 0.105556
0 0.665104 0.459722 0.017708 0.091667
0 0.533073 0.459722 0.020313 0.099074
0 0.580208 0.456481 0.019792 0.100000
0 0.494792 0.455556 0.021875 0.105556
0 0.315365 0.570833 0.057813 0.319444
0 0.402865 0.525463 0.043229 0.210185
0 0.295833 0.552778 0.048958 0.275926
0 0.277344 0.475000 0.018229 0.087037
0 0.266667 0.470370 0.015625 0.096296
0 0.250260 0.479630 0.021354 0.092593
0 0.232031 0.461574 0.018229 0.076852
0 0.316927 0.483796 0.021354 0.125000
0 0.397396 0.508333 0.033333 0.188889
0 0.561979 0.456019 0.016667 0.071296
0 0.371875 0.479630 0.019792 0.116667
0 0.321875 0.460185 0.013542 0.066667
0 0.301042 0.455093 0.012500 0.069444
0 0.323177 0.456481 0.011979 0.068519
0 0.307812 0.411574 0.010417 0.039815
0 0.314583 0.411111 0.009375 0.038889
0 0.530729 0.449537 0.012500 0.063889
0 0.519010 0.457870 0.010937 0.039815
0 0.405729 0.460185 0.016667 0.088889
