0 0.844792 0.654630 0.048958 0.214815
0 0.261979 0.043981 0.031250 0.087963
0 0.280990 0.608333 0.048438 0.222222
0 0.915365 0.518981 0.049479 0.193519
0 0.502604 0.928704 0.038542 0.140741
0 0.351042 0.816667 0.036458 0.231481
0 0.433333 0.213426 0.033333 0.156481
0 0.509635 0.019907 0.025521 0.039815
0 0.482552 0.019907 0.027604 0.039815
0 0.333854 0.126852 0.019792 0.131481
0 0.151562 0.308796 0.030208 0.169444
0 0.122917 0.301852 0.030208 0.187037
0 0.609635 0.938889 0.052604 0.120370
0 0.638281 0.943981 0.042188 0.110185
0 0.402604 0.145370 0.022917 0.140741
0 0.406510 0.122222 0.026562 0.157407
0 0.297917 0.040741 0.022917 0.081481
0 0.267448 0.135648 0.023438 0.143519
0 0.194271 0.974537 0.052083 0.049074
0 0.299219 0.185185 0.031771 0.161111
0 0.155990 0.068519 0.027604 0.137037
0 0.200260 0.183333 0.025521 0.159259
0 0.163021 0.193056 0.025000 0.156481
0 0.199479 0.163889 0.025000 0.159259
0 0.133854 0.198611 0.023958 0.147222
0 0.121615 0.181019 0.026562 0.167593
0 0.150781 0.166204 0.028646 0.162037
0 0.157031 0.144444 0.027604 0.151852
0 0.118229 0.174074 0.020833 0.159259
0 0.470313 0.039352 0.026042 0.078704
0 0.194271 0.383333 0.034375 0.190741
0 0.259896 0.091667 0.031250 0.153704
0 0.802083 0.943981 0.045833 0.110185
0 0.758854 0.952778 0.039583 0.092593
0 0.861719 0.267130 0.033854 0.173148
0 0.801823 0.252315 0.028646 0.163889
0 0.786458 0.071296 0.030208 0.131481
0 0.830729 0.038889 0.027083 0.077778
0 0.789062 0.036111 0.026042 0.072222
0 0.253385 0.168519 0.023438 0.161111
0 0.232031 0.174537 0.027604 0.143519
0 0.187240 0.049537 0.024479 0.099074
0 0.232031 0.066667 0.029687 0.133333
0 0.198177 0.059722 0.027604 0.119444
0 0.236198 0.053241 0.023438 0.106481
0 0.847917 0.011111 0.015625 0.022222
0 0.643750 0.057407 0.020833 0.114815
