0 0.620573 0.609722 0.084896 0.487963
0 0.570312 0.488426 0.021875 0.115741
0 0.575781 0.499537 0.022396 0.102778
0 0.495833 0.449074 0.013542 0.066667
0 0.583854 0.455093 0.019792 0.102778
0 0.523958 0.462037 0.018750 0.098148
0 0.618750 0.655093 0.117708 0.560185
0 0.542188 0.629167 0.067708 0.476852
0 0.209896 0.481481 0.027083 0.103704
0 0.252604 0.470833 0.017708 0.100926
0 0.228125 0.472222 0.015625 0.100000
0 0.225781 0.481019 0.022396 0.095370
0 0.223177 0.464352 0.016146 0.076852
0 0.332552 0.539352 0.063021 0.325000
0 0.239583 0.544444 0.090625 0.277778
0 0.193229 0.577315 0.072917 0.321296
0 0.082552 0.571296 0.089063 0.333333
0 0.573177 0.525463 0.041146 0.249074
0 0.497396 0.489815 0.031250 0.170370
0 0.659896 0.457407 0.018750 0.088889
0 0.506250 0.456019 0.011458 0.071296
0 0.490104 0.450926 0.013542 0.070370
0 0.332292 0.455556 0.014583 0.066667
0 0.376563 0.450926 0.013542 0.062963
0 0.283594 0.454167 0.013021 0.062037
0 0.274479 0.456019 0.012500 0.062037
0 0.263802 0.462037 0.013021 0.075926
0 0.281250 0.450463 0.009375 0.049074
0 0.308854 0.449537 0.010417 0.049074
0 0.300000 0.451389 0.009375 0.052778
0 0.315365 0.446759 0.009896 0.049074
0 0.310417 0.445370 0.010417 0.050000
0 0.291667 0.449074 0.009375 0.051852
0 0.535677 0.453704 0.014063 0.068519
0 0.586719 0.462037 0.018229 0.092593
