0 0.347135 0.543519 0.050521 0.272222
0 0.558333 0.498148 0.019792 0.101852
0 0.576042 0.500926 0.017708 0.105556
0 0.665365 0.460185 0.017188 0.092593
0 0.533073 0.460185 0.020313 0.101852
0 0.580469 0.456481 0.020313 0.100000
0 0.493490 0.455556 0.022396 0.105556
0 0.309896 0.562963 0.056250 0.307407
0 0.396354 0.525463 0.050000 0.204630
0 0.295573 0.549074 0.049479 0.264815
0 0.280990 0.474074 0.018229 0.087037
0 0.266406 0.470370 0.015104 0.096296
0 0.252865 0.478241 0.018229 0.093519
0 0.229427 0.462963 0.019271 0.077778
0 0.316146 0.483796 0.021875 0.125000
0 0.385937 0.507870 0.032292 0.184259
0 0.555729 0.456019 0.016667 0.071296
0 0.363021 0.479630 0.019792 0.116667
0 0.322396 0.460648 0.013542 0.067593
0 0.301563 0.454630 0.012500 0.068519
0 0.324219 0.456481 0.011979 0.068519
0 0.307812 0.411574 0.010417 0.039815
0 0.314583 0.411111 0.009375 0.038889
0 0.536979 0.449537 0.012500 0.063889
0 0.401823 0.460185 0.017188 0.088889
