0 0.539583 0.587963 0.089583 0.396296
0 0.557552 0.499537 0.020313 0.097222
0 0.575781 0.500000 0.020313 0.103704
0 0.591667 0.462500 0.019792 0.091667
0 0.519531 0.454630 0.016146 0.081481
0 0.581771 0.455093 0.019792 0.100926
0 0.515625 0.464815 0.018750 0.105556
0 0.516667 0.668056 0.081250 0.582407
0 0.685417 0.575926 0.101042 0.340741
0 0.448698 0.608333 0.071354 0.412963
0 0.226302 0.481019 0.018229 0.102778
0 0.275521 0.469907 0.016667 0.100926
0 0.253385 0.471759 0.016146 0.095370
0 0.224479 0.481944 0.025000 0.093519
0 0.232292 0.464815 0.015625 0.075926
0 0.353125 0.501389 0.030208 0.173148
0 0.691927 0.544907 0.063021 0.308333
0 0.980469 0.552778 0.038021 0.344444
0 0.670573 0.462500 0.025521 0.095370
0 0.581250 0.465278 0.027083 0.106481
0 0.403646 0.451389 0.012500 0.063889
0 0.406771 0.450000 0.012500 0.066667
0 0.319271 0.451389 0.010417 0.054630
0 0.327083 0.450926 0.009375 0.055556
0 0.266667 0.466667 0.011458 0.075926
0 0.312760 0.454630 0.010937 0.057407
0 0.299740 0.456481 0.009896 0.057407
0 0.292969 0.451389 0.011979 0.060185
0 0.318490 0.451389 0.011979 0.052778
0 0.305729 0.450000 0.011458 0.059259
0 0.279167 0.452778 0.014583 0.057407
0 0.524219 0.457870 0.016146 0.084259
0 0.312500 0.420833 0.010417 0.039815
0 0.318229 0.417593 0.009375 0.038889
