0 0.524479 0.408796 0.035417 0.152778
0 0.465365 0.386574 0.024479 0.117593
0 0.412500 0.387037 0.020833 0.111111
0 0.973958 0.570833 0.051042 0.543519
0 0.052865 0.434259 0.053646 0.225926
0 0.297135 0.399074 0.033854 0.135185
0 0.460938 0.386574 0.021875 0.108333
0 0.470833 0.378704 0.017708 0.094444
0 0.167448 0.402778 0.028646 0.122222
0 0.567708 0.387500 0.030208 0.149074
0 0.509635 0.378704 0.016146 0.103704
0 0.271354 0.387037 0.016667 0.098148
0 0.259896 0.386111 0.014583 0.077778
0 0.297396 0.393981 0.017708 0.091667
0 0.269271 0.374074 0.014583 0.053704
0 0.423177 0.368981 0.013021 0.063889
0 0.084635 0.373611 0.010937 0.062037
0 0.113281 0.396296 0.017188 0.094444
0 0.109635 0.378704 0.011979 0.059259
0 0.278906 0.376389 0.013021 0.050926
