0 0.873437 0.567130 0.086458 0.400926
0 0.334896 0.536111 0.046875 0.250000
0 0.930208 0.564815 0.113542 0.359259
0 0.558854 0.498148 0.018750 0.101852
0 0.576042 0.500926 0.016667 0.105556
0 0.663802 0.460185 0.017188 0.092593
0 0.538021 0.462963 0.020833 0.107407
0 0.582292 0.457407 0.019792 0.100000
0 0.495312 0.455556 0.021875 0.105556
0 0.276042 0.544907 0.059375 0.267593
0 0.358333 0.517593 0.035417 0.181481
0 0.766146 0.457870 0.032292 0.121296
0 0.822917 0.461574 0.027083 0.113889
0 0.283594 0.541204 0.046354 0.230556
0 0.294010 0.471759 0.018229 0.086111
0 0.265365 0.469444 0.014063 0.094444
0 0.228385 0.463889 0.020313 0.077778
0 0.311719 0.484259 0.018229 0.125926
0 0.530729 0.456019 0.016667 0.071296
0 0.343490 0.483796 0.020313 0.123148
0 0.306250 0.415278 0.010417 0.039815
0 0.314583 0.412963 0.009375 0.038889
0 0.540625 0.446759 0.012500 0.063889
0 0.371875 0.456944 0.017708 0.082407
