0 0.849479 0.650000 0.035417 0.216667
0 0.252083 0.067593 0.032292 0.135185
0 0.408854 0.663889 0.041667 0.225926
0 0.917708 0.518981 0.038542 0.195370
0 0.552083 0.932407 0.043750 0.133333
0 0.351042 0.816667 0.036458 0.231481
0 0.426823 0.215278 0.032813 0.158333
0 0.526302 0.043519 0.026562 0.087037
0 0.496875 0.041667 0.028125 0.083333
0 0.331510 0.128241 0.021354 0.134259
0 0.120052 0.357870 0.032813 0.173148
0 0.087240 0.340741 0.027604 0.187037
0 0.559896 0.851852 0.057292 0.242593
0 0.595052 0.852315 0.049479 0.217593
0 0.405208 0.144907 0.022917 0.139815
0 0.434896 0.145370 0.029167 0.153704
0 0.297135 0.041667 0.021354 0.083333
0 0.237760 0.200926 0.025521 0.146296
0 0.148698 0.915741 0.042188 0.166667
0 0.159115 0.889352 0.049479 0.219444
0 0.295833 0.187037 0.030208 0.155556
0 0.173177 0.106019 0.027604 0.149074
0 0.200521 0.183333 0.027083 0.161111
0 0.163542 0.193519 0.026042 0.157407
0 0.196615 0.168056 0.024479 0.163889
0 0.127865 0.200463 0.028646 0.147222
0 0.125781 0.183333 0.027604 0.159259
0 0.162760 0.165741 0.028646 0.155556
0 0.156771 0.146759 0.026042 0.145370
0 0.117708 0.174074 0.020833 0.159259
0 0.467708 0.051389 0.026042 0.102778
0 0.212240 0.301389 0.032813 0.178704
0 0.258073 0.164352 0.033854 0.167593
0 0.886719 0.342593 0.038021 0.183333
0 0.829688 0.320370 0.028125 0.172222
0 0.788542 0.070370 0.030208 0.131481
0 0.965104 0.306019 0.035417 0.162037
0 0.877083 0.067593 0.027083 0.135185
0 0.838021 0.064352 0.028125 0.128704
0 0.229427 0.125000 0.023438 0.155556
0 0.204687 0.132870 0.026042 0.139815
0 0.200260 0.024074 0.024479 0.048148
0 0.246875 0.037037 0.027083 0.074074
0 0.210156 0.033796 0.026562 0.067593
0 0.255990 0.026852 0.023438 0.053704
