0 0.846094 0.571759 0.106771 0.391667
0 0.332813 0.535648 0.046875 0.249074
0 0.901302 0.564352 0.097396 0.350926
0 0.558854 0.498148 0.018750 0.101852
0 0.576042 0.500926 0.016667 0.105556
0 0.663802 0.460185 0.017188 0.092593
0 0.538021 0.461111 0.020833 0.107407
0 0.582292 0.457407 0.019792 0.100000
0 0.495573 0.455556 0.022396 0.105556
0 0.271875 0.544907 0.061458 0.267593
0 0.356510 0.516667 0.035937 0.179630
0 0.758594 0.456944 0.035937 0.119444
0 0.817708 0.459722 0.022917 0.112037
0 0.280469 0.541204 0.046354 0.230556
0 0.294010 0.471759 0.018229 0.086111
0 0.228125 0.463889 0.020833 0.077778
0 0.311719 0.484259 0.018229 0.125926
0 0.528646 0.456019 0.016667 0.071296
0 0.342708 0.481019 0.019792 0.119444
0 0.306250 0.415278 0.010417 0.039815
0 0.314583 0.412963 0.009375 0.038889
0 0.540625 0.446759 0.012500 0.063889
0 0.369531 0.456944 0.017188 0.080556
