0 0.866406 0.568056 0.091146 0.399074
0 0.334375 0.536574 0.046875 0.249074
0 0.922917 0.564352 0.109375 0.356481
0 0.558854 0.498148 0.018750 0.101852
0 0.576042 0.500926 0.016667 0.105556
0 0.663802 0.460185 0.017188 0.092593
0 0.538021 0.462037 0.020833 0.107407
0 0.582292 0.457407 0.019792 0.100000
0 0.495312 0.455556 0.021875 0.105556
0 0.274740 0.544907 0.059896 0.267593
0 0.357812 0.517130 0.035417 0.180556
0 0.764062 0.457870 0.033333 0.121296
0 0.821354 0.460648 0.026042 0.113889
0 0.282552 0.541204 0.046354 0.230556
0 0.294010 0.471759 0.018229 0.086111
0 0.228385 0.463889 0.020313 0.077778
0 0.311719 0.484259 0.018229 0.125926
0 0.530208 0.456019 0.016667 0.071296
0 0.342969 0.482407 0.020313 0.122222
0 0.306250 0.415278 0.010417 0.039815
0 0.314583 0.412963 0.009375 0.038889
0 0.540625 0.446759 0.012500 0.063889
0 0.371354 0.456944 0.017708 0.082407
