0 0.598177 0.328704 0.030729 0.135185
0 0.415104 0.329630 0.032292 0.161111
0 0.454167 0.337037 0.029167 0.146296
0 0.617188 0.310185 0.023958 0.105556
0 0.749219 0.376389 0.059896 0.391667
0 0.366146 0.318519 0.020833 0.103704
0 0.722917 0.373611 0.048958 0.326852
0 0.528385 0.301852 0.014063 0.064815
0 0.096615 0.395833 0.052604 0.297222
0 0.098437 0.320370 0.022917 0.112963
0 0.097656 0.318056 0.016146 0.082407
0 0.122135 0.305556 0.016146 0.079630
0 0.555729 0.296759 0.012500 0.052778
0 0.541927 0.293519 0.011979 0.053704
0 0.323437 0.294444 0.010417 0.046296
0 0.336458 0.288426 0.010417 0.037963
0 0.340625 0.289815 0.010417 0.042593
0 0.385937 0.315741 0.011458 0.057407
0 0.350521 0.289815 0.009375 0.035185
0 0.357552 0.290278 0.009896 0.034259
