0 0.635938 0.615741 0.090625 0.472222
0 0.579427 0.482407 0.022396 0.129630
0 0.575521 0.499537 0.022917 0.102778
0 0.491146 0.449074 0.013542 0.064815
0 0.578646 0.455093 0.019792 0.102778
0 0.527344 0.458796 0.018229 0.095370
0 0.601042 0.666204 0.101042 0.589815
0 0.554427 0.632407 0.073438 0.483333
0 0.210156 0.481944 0.026562 0.104630
0 0.241667 0.472685 0.019792 0.102778
0 0.227083 0.473148 0.015625 0.100000
0 0.226302 0.481019 0.022396 0.095370
0 0.224479 0.463426 0.016667 0.076852
0 0.403646 0.527778 0.059375 0.300000
0 0.354427 0.533333 0.072396 0.259259
0 0.290885 0.556944 0.055729 0.297222
0 0.209115 0.553241 0.088021 0.300926
0 0.654167 0.541204 0.058333 0.280556
0 0.453385 0.480093 0.028646 0.152778
0 0.647135 0.457407 0.018229 0.087037
0 0.521875 0.457407 0.015625 0.074074
0 0.511719 0.452315 0.013021 0.071296
0 0.331250 0.458796 0.014583 0.071296
0 0.381771 0.451852 0.012500 0.066667
0 0.289323 0.454630 0.013021 0.066667
0 0.277083 0.456019 0.012500 0.062037
0 0.257292 0.461574 0.013542 0.075000
0 0.280990 0.450000 0.009896 0.050000
0 0.309896 0.448148 0.009375 0.046296
0 0.300781 0.449537 0.008854 0.050926
0 0.314583 0.444907 0.009375 0.047222
0 0.311458 0.443981 0.010417 0.047222
0 0.535937 0.455093 0.014583 0.071296
0 0.586719 0.462037 0.018229 0.092593
