0 0.842448 0.693981 0.043229 0.223148
0 0.248698 0.168519 0.035937 0.181481
0 0.300260 0.641667 0.054688 0.222222
0 0.915365 0.519907 0.041146 0.193519
0 0.521615 0.925000 0.042188 0.148148
0 0.351042 0.816667 0.036458 0.231481
0 0.429427 0.218519 0.030729 0.161111
0 0.759375 0.046296 0.025000 0.092593
0 0.546094 0.128704 0.027604 0.148148
0 0.512760 0.123611 0.032813 0.163889
0 0.278125 0.159259 0.025000 0.155556
0 0.497396 0.072685 0.031250 0.145370
0 0.069792 0.411111 0.026042 0.174074
0 0.053906 0.392130 0.038021 0.186111
0 0.461458 0.547222 0.042708 0.209259
0 0.495573 0.549074 0.041146 0.190741
0 0.407031 0.153704 0.021354 0.131481
0 0.382552 0.166667 0.028646 0.155556
0 0.379948 0.076389 0.025521 0.143519
0 0.297135 0.042130 0.021354 0.084259
0 0.126302 0.375463 0.027604 0.169444
0 0.260937 0.602315 0.033333 0.212037
0 0.213542 0.591204 0.045833 0.223148
0 0.294271 0.135648 0.026042 0.152778
0 0.183854 0.126389 0.029167 0.152778
0 0.202604 0.179630 0.027083 0.162963
0 0.564583 0.494907 0.033333 0.184259
0 0.162500 0.198148 0.027083 0.157407
0 0.195573 0.165278 0.023438 0.156481
0 0.123958 0.202315 0.031250 0.145370
0 0.131250 0.183796 0.028125 0.167593
0 0.147656 0.155556 0.028646 0.161111
0 0.150781 0.142130 0.027604 0.152778
0 0.117708 0.174074 0.020833 0.159259
0 0.447396 0.049537 0.028125 0.099074
0 0.236198 0.146296 0.029687 0.159259
0 0.246615 0.392130 0.038021 0.197222
0 0.960417 0.523611 0.033333 0.193519
0 0.829688 0.025463 0.025000 0.050926
0 0.930469 0.159722 0.030729 0.147222
0 0.969531 0.136574 0.029687 0.149074
0 0.860677 0.078704 0.027604 0.150000
0 0.260937 0.973611 0.053125 0.050926
0 0.289844 0.936111 0.054688 0.125926
0 0.232552 0.038426 0.024479 0.076852
0 0.208854 0.040741 0.021875 0.081481
0 0.721875 0.015278 0.032292 0.030556
0 0.651042 0.075926 0.034375 0.083333
