0 0.571094 0.605093 0.084896 0.432407
0 0.557813 0.498148 0.020833 0.098148
0 0.575781 0.500000 0.021354 0.103704
0 0.510677 0.450926 0.014063 0.070370
0 0.581771 0.454167 0.019792 0.100926
0 0.523698 0.466204 0.018229 0.104630
0 0.579688 0.656481 0.101042 0.572222
0 0.918490 0.621759 0.098437 0.454630
0 0.501823 0.633796 0.072396 0.487963
0 0.209896 0.481019 0.021875 0.102778
0 0.271354 0.471296 0.020833 0.100000
0 0.235937 0.472222 0.015625 0.100000
0 0.225000 0.481481 0.023958 0.094444
0 0.219792 0.465278 0.015625 0.076852
0 0.030990 0.581944 0.061979 0.423148
0 0.425781 0.507870 0.034896 0.197222
0 0.881250 0.571296 0.086458 0.381481
0 0.714844 0.525463 0.068229 0.254630
0 0.739844 0.459722 0.029687 0.099074
0 0.627344 0.460648 0.024479 0.097222
0 0.448437 0.448148 0.011458 0.064815
0 0.429688 0.448148 0.013542 0.070370
0 0.332813 0.451852 0.009375 0.055556
0 0.353906 0.450000 0.011979 0.055556
0 0.269531 0.465741 0.013021 0.074074
0 0.307292 0.453241 0.011458 0.054630
0 0.296615 0.453704 0.010937 0.053704
0 0.296094 0.449074 0.009896 0.055556
0 0.316406 0.449537 0.011979 0.050926
0 0.307552 0.448148 0.010937 0.055556
0 0.285156 0.451389 0.010937 0.056481
0 0.534635 0.457407 0.015104 0.072222
0 0.315625 0.429167 0.010417 0.039815
