0 0.554948 0.599074 0.081771 0.411111
0 0.557552 0.499074 0.020313 0.098148
0 0.575781 0.500000 0.020313 0.103704
0 0.591667 0.462500 0.019792 0.091667
0 0.516667 0.452778 0.015625 0.075926
0 0.581771 0.455093 0.019792 0.100926
0 0.516927 0.466204 0.018229 0.104630
0 0.539323 0.672685 0.085938 0.591667
0 0.749219 0.586574 0.086979 0.371296
0 0.462240 0.626389 0.069271 0.452778
0 0.216667 0.481481 0.020833 0.103704
0 0.275000 0.470370 0.016667 0.100000
0 0.248438 0.472222 0.015625 0.096296
0 0.224740 0.481944 0.024479 0.093519
0 0.224479 0.464815 0.015625 0.075926
0 0.371094 0.503241 0.031771 0.178704
0 0.740365 0.554630 0.066146 0.331481
0 0.905469 0.541204 0.085938 0.310185
0 0.691667 0.460648 0.021875 0.095370
0 0.591667 0.461111 0.025000 0.100000
0 0.416406 0.452315 0.011979 0.065741
0 0.414062 0.449074 0.013542 0.070370
0 0.323437 0.451389 0.010417 0.054630
0 0.335677 0.451389 0.013021 0.056481
0 0.266927 0.466204 0.011979 0.075000
0 0.310677 0.454630 0.010937 0.057407
0 0.298177 0.456481 0.009896 0.057407
0 0.293490 0.450926 0.010937 0.059259
0 0.316927 0.450463 0.011979 0.052778
0 0.306250 0.450000 0.011458 0.059259
0 0.282292 0.450000 0.012500 0.053704
0 0.527604 0.457870 0.015625 0.080556
0 0.314063 0.423611 0.010417 0.039815
0 0.319792 0.420370 0.009375 0.038889
