0 0.607031 0.344907 0.029687 0.132407
0 0.428646 0.340741 0.031250 0.161111
0 0.468229 0.348611 0.026042 0.143519
0 0.613021 0.326852 0.022917 0.098148
0 0.733333 0.390741 0.050000 0.348148
0 0.368490 0.333333 0.021354 0.100000
0 0.713281 0.387963 0.048438 0.301852
0 0.534115 0.321296 0.014063 0.062963
0 0.139844 0.401852 0.057813 0.270370
0 0.132812 0.329167 0.021875 0.106481
0 0.120833 0.319444 0.014583 0.079630
0 0.138542 0.313889 0.015625 0.077778
0 0.558854 0.314815 0.011458 0.048148
0 0.545573 0.315278 0.011979 0.052778
0 0.392188 0.326389 0.011458 0.058333
0 0.360156 0.309722 0.008854 0.034259
