0 0.786198 0.560648 0.068229 0.367593
0 0.328125 0.534722 0.044792 0.247222
0 0.840104 0.559259 0.073958 0.327778
0 0.558854 0.498148 0.018750 0.101852
0 0.576042 0.500926 0.016667 0.105556
0 0.662760 0.460185 0.017188 0.092593
0 0.538542 0.455556 0.020833 0.107407
0 0.582812 0.457407 0.019792 0.100000
0 0.496875 0.455556 0.021875 0.105556
0 0.263281 0.543519 0.065104 0.262963
0 0.350260 0.512037 0.032813 0.174074
0 0.738542 0.462500 0.032292 0.115741
0 0.800781 0.462500 0.026562 0.113889
0 0.273698 0.541204 0.046354 0.230556
0 0.294010 0.472685 0.018229 0.086111
0 0.228125 0.463889 0.020833 0.077778
0 0.311719 0.483333 0.018229 0.124074
0 0.520312 0.456944 0.016667 0.071296
0 0.342187 0.481019 0.019792 0.121296
0 0.306250 0.418056 0.010417 0.039815
0 0.314583 0.414815 0.009375 0.038889
0 0.544271 0.448148 0.012500 0.062963
0 0.360938 0.456944 0.017708 0.078704
