0 0.619271 0.371296 0.032292 0.138889
0 0.452083 0.356481 0.029167 0.140741
0 0.353646 0.399074 0.061458 0.283333
0 0.953906 0.612963 0.091146 0.731481
0 0.201302 0.390741 0.070312 0.270370
0 0.488542 0.363426 0.030208 0.126852
0 0.524219 0.333333 0.013021 0.055556
0 0.567969 0.358333 0.026562 0.153704
0 0.297656 0.345833 0.021354 0.100926
0 0.573698 0.361111 0.025521 0.137037
0 0.654427 0.350926 0.020313 0.109259
0 0.307292 0.354630 0.019792 0.120370
0 0.288802 0.349537 0.023438 0.113889
0 0.302865 0.358796 0.022396 0.128704
0 0.013281 0.362500 0.026562 0.143519
0 0.501302 0.331944 0.009896 0.034259
0 0.384115 0.335185 0.010937 0.059259
0 0.363281 0.332407 0.013021 0.066667
0 0.341406 0.333333 0.010937 0.061111
0 0.351302 0.329630 0.013021 0.057407
