0 0.665625 0.616204 0.090625 0.486111
0 0.586458 0.477315 0.022917 0.139815
0 0.575521 0.499537 0.022917 0.102778
0 0.488281 0.445833 0.013021 0.058333
0 0.460677 0.655556 0.199479 0.687037
0 0.567187 0.456481 0.019792 0.101852
0 0.527344 0.458796 0.018229 0.093519
0 0.658073 0.680556 0.125521 0.618519
0 0.584896 0.635648 0.085417 0.484259
0 0.210156 0.481481 0.026562 0.105556
0 0.232552 0.473148 0.018229 0.101852
0 0.227083 0.473148 0.015625 0.100000
0 0.226302 0.480556 0.022396 0.094444
0 0.225521 0.463426 0.016667 0.076852
0 0.439844 0.518056 0.046354 0.280556
0 0.413802 0.526389 0.058854 0.247222
0 0.350781 0.546759 0.042188 0.278704
0 0.285677 0.537963 0.051562 0.274074
0 0.723177 0.547222 0.074479 0.311111
0 0.430469 0.477778 0.027604 0.138889
0 0.638802 0.456944 0.018229 0.082407
0 0.536198 0.456944 0.016146 0.075000
0 0.525260 0.453241 0.014063 0.073148
0 0.331771 0.461111 0.015625 0.074074
0 0.384375 0.453704 0.013542 0.070370
0 0.295052 0.455093 0.014063 0.067593
0 0.278906 0.457407 0.013021 0.062963
0 0.253385 0.461574 0.014063 0.071296
0 0.281510 0.451389 0.009896 0.052778
0 0.310937 0.447685 0.009375 0.045370
0 0.314323 0.443056 0.008854 0.045370
0 0.311719 0.443981 0.009896 0.045370
0 0.539323 0.454167 0.013021 0.071296
0 0.586719 0.462037 0.018229 0.092593
