0 0.657292 0.614815 0.089583 0.481481
0 0.584375 0.478704 0.022917 0.137037
0 0.575521 0.499537 0.022917 0.102778
0 0.488802 0.447222 0.013021 0.061111
0 0.615625 0.665741 0.207292 0.666667
0 0.570833 0.455556 0.019792 0.101852
0 0.527344 0.458796 0.018229 0.093519
0 0.637500 0.681944 0.116667 0.621296
0 0.571615 0.634259 0.075521 0.487037
0 0.210156 0.481481 0.026562 0.105556
0 0.233854 0.473148 0.017708 0.101852
0 0.227083 0.473148 0.015625 0.100000
0 0.226302 0.480556 0.022396 0.094444
0 0.225260 0.463426 0.017188 0.076852
0 0.430990 0.520370 0.044271 0.281481
0 0.404948 0.531481 0.067187 0.248148
0 0.329427 0.551852 0.067187 0.290741
0 0.261458 0.545833 0.064583 0.287963
0 0.711198 0.545833 0.093229 0.300926
0 0.436719 0.480093 0.026562 0.143519
0 0.641146 0.456944 0.017708 0.084259
0 0.531771 0.456944 0.016667 0.075000
0 0.519531 0.452315 0.013021 0.071296
0 0.331510 0.460648 0.015104 0.073148
0 0.383854 0.453241 0.013542 0.069444
0 0.293229 0.455093 0.013542 0.067593
0 0.278125 0.456944 0.012500 0.062037
0 0.253906 0.461574 0.013021 0.071296
0 0.281250 0.450926 0.010417 0.051852
0 0.310937 0.447685 0.009375 0.045370
0 0.299740 0.449537 0.008854 0.050926
0 0.314323 0.443519 0.008854 0.046296
0 0.311719 0.443981 0.009896 0.045370
0 0.537500 0.454167 0.012500 0.071296
0 0.586719 0.462037 0.018229 0.092593
