0 0.614844 0.366667 0.031771 0.135185
0 0.446875 0.364815 0.030208 0.162963
0 0.120833 0.515741 0.162500 0.557407
0 0.489583 0.363889 0.029167 0.144444
0 0.610938 0.344444 0.019792 0.085185
0 0.708073 0.398148 0.044271 0.300000
0 0.367188 0.357407 0.019792 0.100000
0 0.695833 0.393519 0.043750 0.266667
0 0.539583 0.338426 0.014583 0.060185
0 0.195833 0.412963 0.032292 0.244444
0 0.179427 0.349074 0.022396 0.098148
0 0.163281 0.341667 0.014063 0.064815
0 0.172135 0.334722 0.014063 0.073148
0 0.563542 0.337963 0.009375 0.046296
0 0.549479 0.335648 0.011458 0.050926
0 0.332031 0.343981 0.017188 0.065741
0 0.383854 0.339352 0.012500 0.060185
0 0.394792 0.339352 0.011458 0.058333
