0 0.593229 0.464352 0.021875 0.134259
0 0.563542 0.468519 0.021875 0.112963
0 0.532031 0.459722 0.020313 0.099074
0 0.523438 0.462500 0.020833 0.091667
0 0.490625 0.456481 0.021875 0.103704
0 0.210938 0.481019 0.023958 0.104630
0 0.230469 0.472222 0.015104 0.096296
0 0.228385 0.473148 0.015104 0.100000
0 0.227344 0.480556 0.020313 0.092593
0 0.231510 0.461574 0.018229 0.076852
0 0.600521 0.515741 0.050000 0.261111
0 0.645312 0.517593 0.047917 0.225926
0 0.678906 0.534259 0.053646 0.255556
0 0.560677 0.511111 0.049479 0.218519
0 0.336198 0.467130 0.017188 0.091667
0 0.356250 0.469444 0.019792 0.096296
0 0.387760 0.465741 0.021354 0.101852
0 0.313021 0.462963 0.017708 0.079630
0 0.296875 0.464815 0.014583 0.077778
0 0.290365 0.460185 0.013021 0.068519
0 0.310677 0.426852 0.009896 0.040741
0 0.310417 0.432870 0.009375 0.039815
0 0.297917 0.421296 0.006250 0.027778
0 0.303385 0.415741 0.006771 0.029630
0 0.418750 0.443519 0.013542 0.048148
