0 0.621354 0.611111 0.088542 0.479630
0 0.563802 0.493056 0.021354 0.106481
0 0.575521 0.499537 0.021875 0.102778
0 0.499219 0.450000 0.014063 0.070370
0 0.583854 0.455093 0.019792 0.102778
0 0.523438 0.463426 0.018750 0.099074
0 0.613542 0.656019 0.110417 0.562037
0 0.527865 0.629167 0.075521 0.475000
0 0.209115 0.481944 0.025521 0.104630
0 0.256510 0.471296 0.018229 0.101852
0 0.229687 0.472222 0.015625 0.100000
0 0.225521 0.481019 0.022917 0.095370
0 0.222396 0.464352 0.016667 0.076852
0 0.269271 0.552315 0.089583 0.347222
0 0.165625 0.554630 0.081250 0.298148
0 0.098958 0.586111 0.064583 0.361111
0 0.012760 0.575463 0.025521 0.343519
0 0.531510 0.522222 0.045312 0.220370
0 0.535677 0.498611 0.042188 0.189815
0 0.820833 0.455093 0.023958 0.100926
0 0.660937 0.459259 0.021875 0.092593
0 0.495573 0.450926 0.011979 0.064815
0 0.475521 0.449074 0.013542 0.070370
0 0.334115 0.456481 0.014063 0.064815
0 0.372135 0.450926 0.011979 0.061111
0 0.279167 0.454167 0.012500 0.060185
0 0.265365 0.462500 0.011979 0.076852
0 0.281250 0.450926 0.009375 0.048148
0 0.308854 0.450926 0.010417 0.051852
0 0.298438 0.451852 0.009375 0.053704
0 0.297396 0.447222 0.009375 0.051852
0 0.316146 0.447222 0.010417 0.048148
0 0.309375 0.446296 0.010417 0.051852
0 0.289323 0.449537 0.009896 0.052778
0 0.535156 0.454630 0.014063 0.070370
0 0.586719 0.462037 0.018229 0.092593
