0 0.363542 0.547685 0.052083 0.282407
0 0.558073 0.498148 0.019271 0.101852
0 0.576042 0.500926 0.017708 0.105556
0 0.664062 0.459722 0.019792 0.091667
0 0.533073 0.458796 0.020313 0.097222
0 0.579948 0.456481 0.020313 0.100000
0 0.495833 0.455556 0.021875 0.105556
0 0.317448 0.575926 0.061979 0.329630
0 0.411979 0.529630 0.042708 0.218519
0 0.297396 0.554630 0.048958 0.275926
0 0.273698 0.475463 0.018229 0.086111
0 0.266667 0.470370 0.015625 0.096296
0 0.246875 0.480556 0.021875 0.094444
0 0.233594 0.462963 0.018229 0.077778
0 0.317448 0.484259 0.022396 0.125926
0 0.407813 0.508796 0.043750 0.189815
0 0.565625 0.456019 0.016667 0.071296
0 0.379688 0.478241 0.019792 0.113889
0 0.321615 0.459722 0.013021 0.065741
0 0.300260 0.453704 0.011979 0.066667
0 0.322656 0.456019 0.011979 0.067593
0 0.308333 0.411574 0.010417 0.039815
0 0.314583 0.411111 0.009375 0.038889
0 0.529167 0.450463 0.012500 0.063889
0 0.517969 0.457870 0.010937 0.039815
0 0.409375 0.460185 0.016667 0.088889
