0 0.447656 0.445370 0.036979 0.159259
0 0.381771 0.416667 0.025000 0.118519
0 0.293750 0.412963 0.017708 0.092593
0 0.939323 0.598611 0.120313 0.495370
0 0.008073 0.457870 0.016146 0.202778
0 0.204687 0.421296 0.026042 0.127778
0 0.359896 0.422222 0.021875 0.107407
0 0.362760 0.409259 0.018229 0.092593
0 0.039062 0.443056 0.030208 0.134259
0 0.445573 0.415278 0.022396 0.117593
0 0.396615 0.413426 0.016146 0.102778
0 0.171354 0.410648 0.017708 0.086111
0 0.161198 0.418056 0.014063 0.069444
0 0.191146 0.417130 0.017708 0.087963
0 0.148958 0.409259 0.014583 0.055556
0 0.317708 0.399537 0.013542 0.063889
