0 0.845052 0.652778 0.034896 0.216667
0 0.250521 0.075463 0.033333 0.150926
0 0.435677 0.672222 0.040104 0.235185
0 0.915365 0.519907 0.041146 0.197222
0 0.558333 0.931944 0.043750 0.134259
0 0.351042 0.816667 0.036458 0.231481
0 0.422656 0.213889 0.032813 0.157407
0 0.529687 0.050000 0.027083 0.100000
0 0.497917 0.047222 0.028125 0.094444
0 0.320312 0.129167 0.018750 0.136111
0 0.107031 0.375463 0.033854 0.176852
0 0.078385 0.353241 0.027604 0.193519
0 0.540885 0.811574 0.065104 0.239815
0 0.572656 0.818056 0.042188 0.221296
0 0.405208 0.148611 0.023958 0.137963
0 0.417708 0.153704 0.027083 0.155556
0 0.297135 0.041667 0.021354 0.083333
0 0.214844 0.219444 0.027604 0.151852
0 0.156250 0.892593 0.041667 0.212963
0 0.127604 0.872685 0.050000 0.252778
0 0.285938 0.179630 0.031250 0.159259
0 0.166146 0.114352 0.023958 0.150926
0 0.200521 0.182870 0.027083 0.162037
0 0.962240 0.723611 0.042188 0.199074
0 0.163802 0.193519 0.026562 0.157407
0 0.199479 0.167130 0.023958 0.162037
0 0.128646 0.200000 0.031250 0.146296
0 0.127344 0.182870 0.027604 0.160185
0 0.163021 0.163426 0.029167 0.160185
0 0.148438 0.146759 0.026042 0.145370
0 0.117708 0.174074 0.020833 0.159259
0 0.471094 0.051852 0.025521 0.103704
0 0.217708 0.277315 0.031250 0.176852
0 0.255208 0.183796 0.034375 0.167593
0 0.895573 0.363426 0.038021 0.182407
0 0.839844 0.342593 0.028646 0.172222
0 0.788802 0.065278 0.028646 0.130556
0 0.941667 0.288889 0.036458 0.161111
0 0.877865 0.075926 0.026562 0.148148
0 0.847396 0.074074 0.028125 0.148148
0 0.991146 0.315278 0.016667 0.178704
0 0.223177 0.111111 0.024479 0.150000
0 0.198958 0.116667 0.026042 0.138889
0 0.201302 0.015741 0.023438 0.031481
0 0.250000 0.022685 0.020833 0.045370
0 0.219531 0.028704 0.026562 0.057407
0 0.271094 0.019907 0.023438 0.039815
