0 0.484375 0.399074 0.036458 0.157407
0 0.432292 0.378704 0.027083 0.124074
0 0.385937 0.380556 0.021875 0.124074
0 0.873698 0.568519 0.103646 0.581481
0 0.960417 0.551852 0.078125 0.594444
0 0.297135 0.386111 0.039062 0.148148
0 0.439583 0.367130 0.021875 0.112037
0 0.447135 0.367130 0.017188 0.099074
0 0.133594 0.403241 0.025521 0.121296
0 0.565885 0.382870 0.033854 0.180556
0 0.452344 0.367130 0.017188 0.089815
0 0.493229 0.366204 0.017708 0.106481
0 0.232031 0.386111 0.020313 0.109259
0 0.218229 0.380556 0.014583 0.088889
0 0.509896 0.371759 0.020833 0.086111
0 0.263802 0.390278 0.017188 0.100926
0 0.247135 0.368519 0.013021 0.057407
0 0.400000 0.363426 0.013542 0.063889
0 0.035417 0.375463 0.011458 0.065741
0 0.070833 0.392130 0.020833 0.099074
0 0.069792 0.377778 0.012500 0.059259
0 0.262240 0.369444 0.011979 0.048148
