0 0.628125 0.498958 0.140625 0.560417
0 0.567187 0.469792 0.056250 0.239583
0 0.069531 0.453125 0.042188 0.197917
0 0.141406 0.453125 0.067187 0.243750
0 0.086719 0.476042 0.079687 0.285417
0 0.250000 0.463542 0.096875 0.397917
0 0.523438 0.457292 0.031250 0.139583
0 0.741406 0.506250 0.292187 0.916667
0 0.845313 0.478125 0.262500 0.843750
0 0.375000 0.475000 0.087500 0.404167
0 0.130469 0.454167 0.051562 0.208333
0 0.197656 0.451042 0.064062 0.210417
0 0.880469 0.498958 0.235937 0.997917
0 0.428125 0.504167 0.175000 0.566667
0 0.316406 0.455208 0.032813 0.097917
