0 0.634896 0.615278 0.090625 0.471296
0 0.579167 0.482407 0.022917 0.129630
0 0.575521 0.499537 0.022917 0.102778
0 0.491146 0.449074 0.013542 0.064815
0 0.578906 0.455093 0.020313 0.102778
0 0.527344 0.458796 0.018229 0.095370
0 0.600521 0.662963 0.101042 0.583333
0 0.553646 0.631944 0.072917 0.482407
0 0.210156 0.481944 0.026562 0.104630
0 0.242188 0.472685 0.019792 0.102778
0 0.227083 0.473148 0.015625 0.100000
0 0.226302 0.481019 0.022396 0.095370
0 0.224479 0.463426 0.016667 0.076852
0 0.402083 0.527778 0.059375 0.300000
0 0.354167 0.534722 0.072917 0.260185
0 0.287500 0.557407 0.060417 0.298148
0 0.207292 0.554167 0.090625 0.302778
0 0.653646 0.540278 0.057292 0.276852
0 0.454427 0.481019 0.028646 0.154630
0 0.647135 0.457870 0.018229 0.087963
0 0.521354 0.456481 0.015625 0.074074
0 0.510677 0.451389 0.013021 0.071296
0 0.331250 0.458796 0.014583 0.071296
0 0.381771 0.451852 0.012500 0.066667
0 0.289323 0.454630 0.013021 0.066667
0 0.277083 0.456019 0.012500 0.062037
0 0.257292 0.461574 0.013542 0.075000
0 0.280990 0.450000 0.009896 0.050000
0 0.309896 0.448148 0.009375 0.046296
0 0.300781 0.449537 0.008854 0.050926
0 0.314583 0.444907 0.009375 0.047222
0 0.311198 0.443981 0.009896 0.047222
0 0.535937 0.454630 0.014583 0.070370
0 0.586719 0.462037 0.018229 0.092593
