0 0.904427 0.653241 0.113021 0.556481
0 0.590104 0.470370 0.018750 0.144444
0 0.576823 0.475926 0.023438 0.118519
0 0.513281 0.453241 0.017188 0.082407
0 0.534115 0.463889 0.020313 0.100000
0 0.503646 0.459259 0.017708 0.090741
0 0.972135 0.676389 0.054688 0.645370
0 0.843750 0.686574 0.109375 0.615741
0 0.211458 0.481019 0.025000 0.104630
0 0.229427 0.472685 0.016146 0.099074
0 0.228125 0.473148 0.015625 0.100000
0 0.227865 0.480093 0.022396 0.093519
0 0.229687 0.461574 0.017708 0.076852
0 0.515885 0.517593 0.065104 0.272222
0 0.601823 0.515741 0.040104 0.224074
0 0.575260 0.540278 0.050521 0.260185
0 0.466667 0.516667 0.048958 0.233333
0 0.350781 0.470370 0.019271 0.107407
0 0.627083 0.458333 0.027083 0.098148
0 0.610938 0.456019 0.018750 0.097222
0 0.349219 0.464815 0.017188 0.088889
0 0.380990 0.459722 0.017188 0.089815
0 0.310677 0.459722 0.018229 0.075000
0 0.291927 0.462037 0.014063 0.072222
0 0.241927 0.461574 0.013021 0.067593
0 0.266927 0.448611 0.011979 0.052778
0 0.285938 0.457407 0.010417 0.062963
0 0.308854 0.433333 0.009375 0.042593
0 0.311719 0.443981 0.009896 0.045370
0 0.297135 0.425926 0.006771 0.029630
0 0.302344 0.423148 0.006771 0.029630
0 0.397396 0.444907 0.013542 0.054630
0 0.553646 0.459259 0.016667 0.079630
