0 0.845052 0.653704 0.049479 0.216667
0 0.263021 0.055556 0.031250 0.111111
0 0.345052 0.621296 0.043229 0.231481
0 0.913542 0.518981 0.046875 0.193519
0 0.534375 0.935648 0.039583 0.126852
0 0.351042 0.816667 0.036458 0.231481
0 0.433333 0.213426 0.033333 0.156481
0 0.517448 0.030093 0.025521 0.060185
0 0.489844 0.030093 0.027604 0.060185
0 0.333594 0.126852 0.020313 0.131481
0 0.139844 0.327778 0.031771 0.170370
0 0.103385 0.319907 0.029687 0.187963
0 0.594792 0.906481 0.064583 0.185185
0 0.633854 0.911111 0.050000 0.175926
0 0.403385 0.145370 0.021354 0.140741
0 0.425521 0.125926 0.028125 0.151852
0 0.297396 0.041204 0.021875 0.082407
0 0.266406 0.162963 0.023438 0.144444
0 0.154167 0.961574 0.043750 0.075000
0 0.191146 0.930093 0.053125 0.137963
0 0.304948 0.185648 0.025521 0.160185
0 0.164583 0.083333 0.028125 0.146296
0 0.200521 0.183333 0.026042 0.159259
0 0.163021 0.193056 0.025000 0.156481
0 0.196354 0.165278 0.025000 0.162037
0 0.127865 0.199074 0.027604 0.148148
0 0.117448 0.179167 0.026562 0.167593
0 0.159375 0.167130 0.028125 0.154630
0 0.157812 0.143056 0.027083 0.150926
0 0.118229 0.174074 0.020833 0.159259
0 0.466667 0.042593 0.026042 0.085185
0 0.205990 0.345833 0.033854 0.180556
0 0.266406 0.121296 0.031771 0.161111
0 0.875260 0.298148 0.035937 0.179630
0 0.823177 0.280556 0.026562 0.166667
0 0.786458 0.070370 0.030208 0.131481
0 0.989844 0.350463 0.019271 0.163889
0 0.857031 0.050926 0.027604 0.101852
0 0.810937 0.047685 0.027083 0.095370
0 0.238542 0.145370 0.025000 0.155556
0 0.217188 0.154630 0.025000 0.140741
0 0.196354 0.038889 0.025000 0.077778
0 0.234896 0.050926 0.030208 0.101852
0 0.202344 0.047222 0.026562 0.094444
0 0.245573 0.042130 0.023438 0.084259
