0 0.366927 0.548148 0.051562 0.283333
0 0.558073 0.498148 0.019271 0.101852
0 0.576042 0.500926 0.017708 0.105556
0 0.662500 0.459722 0.019792 0.091667
0 0.533333 0.458333 0.019792 0.096296
0 0.579948 0.456481 0.020313 0.100000
0 0.496354 0.456481 0.021875 0.105556
0 0.319010 0.575926 0.064062 0.333333
0 0.415104 0.531481 0.042708 0.222222
0 0.300260 0.556481 0.049479 0.279630
0 0.272917 0.476852 0.017708 0.087037
0 0.266927 0.470370 0.016146 0.096296
0 0.244792 0.480093 0.021875 0.095370
0 0.234896 0.462963 0.018750 0.077778
0 0.317969 0.484259 0.022396 0.125926
0 0.413021 0.509722 0.043750 0.191667
0 0.567448 0.456019 0.016146 0.071296
0 0.384115 0.475926 0.019271 0.111111
0 0.321354 0.459722 0.013542 0.065741
0 0.299740 0.453241 0.011979 0.065741
0 0.322135 0.456019 0.011979 0.067593
0 0.308333 0.410648 0.010417 0.039815
0 0.315104 0.411111 0.009375 0.038889
0 0.528646 0.450463 0.012500 0.063889
0 0.516927 0.458796 0.010937 0.039815
0 0.411458 0.460185 0.016667 0.088889
