0 0.566927 0.600463 0.083854 0.423148
0 0.557813 0.498148 0.020833 0.098148
0 0.575521 0.500000 0.020833 0.103704
0 0.593750 0.461574 0.019792 0.091667
0 0.512760 0.450926 0.014063 0.070370
0 0.581771 0.454167 0.019792 0.100926
0 0.519792 0.467130 0.018750 0.104630
0 0.561979 0.667130 0.079167 0.589815
0 0.852083 0.606481 0.132292 0.412963
0 0.490104 0.626389 0.088542 0.460185
0 0.209896 0.481019 0.021875 0.102778
0 0.273438 0.471296 0.016667 0.100000
0 0.239063 0.472222 0.015625 0.098148
0 0.224740 0.481481 0.024479 0.094444
0 0.219271 0.465278 0.015625 0.076852
0 0.408073 0.503241 0.033854 0.187963
0 0.827083 0.562963 0.097917 0.362963
0 0.769271 0.524537 0.083333 0.269444
0 0.720833 0.459722 0.029167 0.097222
0 0.615104 0.463889 0.025000 0.100000
0 0.437500 0.450000 0.011458 0.064815
0 0.423438 0.449074 0.013542 0.070370
0 0.330469 0.452315 0.009896 0.054630
0 0.347135 0.450926 0.011979 0.055556
0 0.268490 0.466667 0.011979 0.074074
0 0.307812 0.453704 0.011458 0.055556
0 0.298177 0.454167 0.016146 0.054630
0 0.295312 0.449074 0.010417 0.055556
0 0.316406 0.449537 0.011979 0.050926
0 0.307552 0.449537 0.010937 0.058333
0 0.283594 0.450463 0.010937 0.054630
0 0.532552 0.457870 0.015104 0.075000
0 0.315104 0.427315 0.010417 0.039815
