0 0.944271 0.589815 0.110417 0.455556
0 0.345313 0.537037 0.044792 0.257407
0 0.558594 0.498148 0.019271 0.101852
0 0.576042 0.500926 0.016667 0.105556
0 0.664844 0.460185 0.017188 0.092593
0 0.535937 0.462037 0.020833 0.107407
0 0.581771 0.457407 0.019792 0.100000
0 0.494531 0.455556 0.022396 0.105556
0 0.279427 0.553241 0.058854 0.289815
0 0.366146 0.519907 0.037500 0.187963
0 0.783333 0.457870 0.031250 0.119444
0 0.283333 0.543519 0.045833 0.244444
0 0.294010 0.471296 0.018229 0.087037
0 0.265365 0.469444 0.014063 0.094444
0 0.228385 0.463889 0.020313 0.077778
0 0.313542 0.483333 0.020833 0.124074
0 0.538542 0.456019 0.016667 0.071296
0 0.345573 0.479167 0.019271 0.113889
0 0.324479 0.462037 0.013542 0.068519
0 0.306250 0.413426 0.010417 0.039815
0 0.314583 0.411111 0.009375 0.038889
0 0.541146 0.448611 0.012500 0.063889
0 0.380990 0.457870 0.017188 0.087963
