0 0.844792 0.654630 0.048958 0.214815
0 0.264583 0.048148 0.031250 0.096296
0 0.294792 0.609722 0.057292 0.221296
0 0.914583 0.518981 0.048958 0.193519
0 0.514323 0.931019 0.039062 0.136111
0 0.351042 0.816667 0.036458 0.231481
0 0.433594 0.213426 0.033854 0.156481
0 0.512240 0.023611 0.025521 0.047222
0 0.484896 0.021759 0.027083 0.043519
0 0.333854 0.126852 0.019792 0.131481
0 0.146875 0.315278 0.030208 0.169444
0 0.117448 0.307407 0.034896 0.187037
0 0.605990 0.927315 0.052604 0.143519
0 0.641667 0.934722 0.046875 0.128704
0 0.402865 0.145370 0.022396 0.140741
0 0.411719 0.124074 0.026562 0.159259
0 0.297656 0.041204 0.022396 0.082407
0 0.271094 0.145370 0.023438 0.144444
0 0.151562 0.987500 0.043750 0.023148
0 0.195312 0.960185 0.052083 0.077778
0 0.300521 0.183796 0.031250 0.163889
0 0.155729 0.071759 0.030208 0.143519
0 0.200260 0.183333 0.025521 0.159259
0 0.163021 0.193056 0.025000 0.156481
0 0.199219 0.165741 0.024479 0.159259
0 0.133594 0.198611 0.023438 0.147222
0 0.120573 0.181019 0.026562 0.167593
0 0.150000 0.166204 0.029167 0.162037
0 0.157552 0.143519 0.027604 0.151852
0 0.118229 0.174074 0.020833 0.159259
0 0.469010 0.039352 0.025521 0.078704
0 0.196094 0.370833 0.033854 0.189815
0 0.265365 0.099074 0.031771 0.161111
0 0.815365 0.955556 0.046354 0.087037
0 0.772396 0.966667 0.040625 0.064815
0 0.865625 0.273611 0.037500 0.175000
0 0.808333 0.258796 0.033333 0.165741
0 0.786458 0.071296 0.030208 0.131481
0 0.837240 0.043056 0.027604 0.086111
0 0.797656 0.039815 0.026562 0.079630
0 0.248438 0.160648 0.023958 0.160185
0 0.229167 0.168519 0.023958 0.140741
0 0.191406 0.047222 0.024479 0.094444
0 0.233854 0.058796 0.030208 0.117593
0 0.197396 0.055556 0.028125 0.111111
0 0.238802 0.047685 0.023438 0.095370
