0 0.844792 0.654630 0.048958 0.214815
0 0.261458 0.043056 0.031250 0.086111
0 0.278906 0.608333 0.045312 0.222222
0 0.915365 0.518981 0.049479 0.193519
0 0.500521 0.928704 0.038542 0.140741
0 0.351042 0.816667 0.036458 0.231481
0 0.433333 0.213426 0.033333 0.156481
0 0.509115 0.018981 0.025521 0.037963
0 0.482031 0.019444 0.027604 0.038889
0 0.334115 0.126852 0.019271 0.131481
0 0.152604 0.307870 0.030208 0.169444
0 0.123958 0.300926 0.029167 0.187037
0 0.610677 0.941667 0.052604 0.114815
0 0.637760 0.945833 0.041146 0.106481
0 0.402604 0.145833 0.022917 0.141667
0 0.405990 0.122222 0.026562 0.157407
0 0.297917 0.040741 0.022917 0.081481
0 0.266927 0.133796 0.023438 0.143519
0 0.194271 0.977778 0.052083 0.042593
0 0.299219 0.185648 0.031771 0.160185
0 0.156510 0.068056 0.026562 0.136111
0 0.200260 0.183333 0.025521 0.159259
0 0.163021 0.193056 0.025000 0.156481
0 0.199740 0.163889 0.025521 0.159259
0 0.133854 0.198611 0.023958 0.147222
0 0.122135 0.181019 0.026562 0.167593
0 0.151302 0.166204 0.028646 0.162037
0 0.157031 0.145370 0.027604 0.151852
0 0.118229 0.174074 0.020833 0.159259
0 0.470833 0.039352 0.026042 0.078704
0 0.194271 0.387037 0.034375 0.190741
0 0.259375 0.088889 0.031250 0.153704
0 0.799219 0.941667 0.045312 0.114815
0 0.755729 0.950463 0.039583 0.097222
0 0.860938 0.265278 0.033333 0.173148
0 0.801042 0.251389 0.028125 0.163889
0 0.786458 0.071296 0.030208 0.131481
0 0.829167 0.037963 0.027083 0.075926
0 0.787500 0.035185 0.026042 0.070370
0 0.253906 0.169444 0.023438 0.161111
0 0.232552 0.175926 0.027604 0.142593
0 0.186198 0.050000 0.024479 0.100000
0 0.231510 0.067593 0.029687 0.135185
0 0.198437 0.060648 0.027083 0.121296
0 0.235677 0.054630 0.023438 0.109259
0 0.847396 0.011574 0.015625 0.023148
0 0.642708 0.057407 0.019792 0.114815
