0 0.296875 0.540625 0.306250 0.914583
0 0.767188 0.486458 0.065625 0.260417
0 0.310156 0.498958 0.307812 0.997917
0 0.919531 0.498958 0.157812 0.997917
0 0.660937 0.488542 0.056250 0.243750
0 0.103125 0.496875 0.181250 0.635417
0 0.764062 0.518750 0.103125 0.354167
0 0.417187 0.515625 0.078125 0.268750
0 0.626563 0.491667 0.078125 0.312500
0 0.507031 0.497917 0.098437 0.354167
0 0.560937 0.523958 0.084375 0.264583
0 0.063281 0.477083 0.110937 0.370833
0 0.889844 0.516667 0.164062 0.520833
0 0.714844 0.495833 0.035937 0.125000
