0 0.845052 0.654630 0.049479 0.214815
0 0.257292 0.037963 0.031250 0.075926
0 0.254427 0.607407 0.042188 0.224074
0 0.916146 0.518981 0.051042 0.193519
0 0.484635 0.929167 0.039062 0.139815
0 0.351042 0.816667 0.036458 0.231481
0 0.433594 0.213889 0.032813 0.157407
0 0.505208 0.016204 0.025000 0.032407
0 0.338021 0.125926 0.020833 0.129630
0 0.156250 0.300463 0.030208 0.169444
0 0.128906 0.296296 0.027604 0.185185
0 0.604948 0.953704 0.052604 0.090741
0 0.638281 0.959259 0.044271 0.079630
0 0.403385 0.147685 0.021354 0.141667
0 0.403125 0.121759 0.027083 0.158333
0 0.298177 0.040741 0.023438 0.081481
0 0.265104 0.123611 0.022917 0.139815
0 0.301563 0.185185 0.030208 0.161111
0 0.163802 0.067130 0.026562 0.134259
0 0.200000 0.183333 0.025000 0.159259
0 0.163021 0.193056 0.025000 0.156481
0 0.196875 0.164352 0.026042 0.158333
0 0.130729 0.199074 0.025000 0.148148
0 0.122656 0.181019 0.026562 0.167593
0 0.151562 0.166204 0.029167 0.162037
0 0.157031 0.142593 0.027604 0.151852
0 0.118229 0.174074 0.020833 0.159259
0 0.472135 0.035648 0.025521 0.071296
0 0.189583 0.400000 0.035417 0.190741
0 0.258854 0.075463 0.029167 0.150926
0 0.775000 0.920370 0.044792 0.157407
0 0.731771 0.935648 0.046875 0.126852
0 0.859375 0.248148 0.036458 0.170370
0 0.796875 0.241667 0.029167 0.162963
0 0.786458 0.071296 0.030208 0.131481
0 0.819531 0.034259 0.027604 0.068519
0 0.781771 0.027315 0.026042 0.054630
0 0.258073 0.180556 0.023438 0.161111
0 0.236458 0.184722 0.027083 0.145370
0 0.176042 0.050000 0.028125 0.100000
0 0.227865 0.070370 0.028646 0.140741
0 0.196875 0.067593 0.026042 0.135185
0 0.233594 0.057407 0.023438 0.114815
0 0.845833 0.015278 0.015625 0.030556
0 0.622917 0.055556 0.037500 0.111111
