0 0.369010 0.549074 0.050521 0.283333
0 0.558073 0.498148 0.019271 0.101852
0 0.576042 0.500926 0.017708 0.105556
0 0.660937 0.459722 0.019792 0.091667
0 0.533333 0.458796 0.019792 0.095370
0 0.579948 0.456481 0.020313 0.100000
0 0.496875 0.456481 0.021875 0.105556
0 0.320573 0.575000 0.066146 0.335185
0 0.416927 0.533333 0.042188 0.224074
0 0.302344 0.557870 0.049479 0.282407
0 0.272396 0.477778 0.017708 0.088889
0 0.266927 0.470370 0.016146 0.096296
0 0.243490 0.480093 0.021354 0.097222
0 0.235937 0.462500 0.018750 0.076852
0 0.317969 0.484259 0.022396 0.125926
0 0.415104 0.510185 0.043750 0.194444
0 0.568750 0.456019 0.015625 0.071296
0 0.387760 0.475463 0.019271 0.112037
0 0.321354 0.459722 0.013542 0.065741
0 0.299219 0.453241 0.011979 0.065741
0 0.321875 0.455556 0.011458 0.066667
0 0.308854 0.410648 0.010417 0.039815
0 0.315104 0.411111 0.009375 0.038889
0 0.528125 0.451389 0.012500 0.063889
0 0.515885 0.458796 0.010937 0.039815
0 0.412760 0.460185 0.017188 0.088889
