0 0.845052 0.654630 0.049479 0.214815
0 0.251563 0.034259 0.031250 0.068519
0 0.230469 0.605093 0.044271 0.230556
0 0.917188 0.518981 0.052083 0.193519
0 0.465885 0.929630 0.039062 0.138889
0 0.351042 0.816667 0.036458 0.231481
0 0.433333 0.213889 0.032292 0.157407
0 0.500521 0.012963 0.025000 0.025926
0 0.338542 0.125926 0.020833 0.129630
0 0.160156 0.289352 0.028646 0.162037
0 0.135156 0.286574 0.031771 0.178704
0 0.591406 0.972685 0.052604 0.052778
0 0.635417 0.976389 0.048958 0.045370
0 0.402865 0.145833 0.024479 0.141667
0 0.403385 0.122222 0.026562 0.159259
0 0.298177 0.040741 0.023438 0.081481
0 0.262500 0.108796 0.022917 0.134259
0 0.305990 0.183796 0.024479 0.163889
0 0.166406 0.062500 0.026562 0.125000
0 0.200000 0.183333 0.025000 0.159259
0 0.163021 0.193519 0.025000 0.155556
0 0.194531 0.168519 0.026562 0.157407
0 0.130208 0.199074 0.028125 0.148148
0 0.122135 0.181019 0.026562 0.167593
0 0.151042 0.168056 0.029167 0.162037
0 0.156771 0.141667 0.027083 0.151852
0 0.118229 0.174074 0.020833 0.159259
0 0.472917 0.032870 0.026042 0.065741
0 0.182031 0.420370 0.035937 0.196296
0 0.256510 0.067130 0.027604 0.134259
0 0.753646 0.904167 0.053125 0.189815
0 0.707552 0.913889 0.043229 0.170370
0 0.864583 0.229630 0.038542 0.166667
0 0.791406 0.229630 0.027604 0.157407
0 0.786458 0.071296 0.030208 0.131481
0 0.811979 0.026852 0.027083 0.053704
0 0.774219 0.021296 0.025521 0.042593
0 0.261979 0.190278 0.022917 0.163889
0 0.234896 0.193056 0.036458 0.147222
0 0.160417 0.051852 0.028125 0.103704
0 0.226042 0.076852 0.028125 0.148148
0 0.197396 0.072685 0.026042 0.141667
0 0.229687 0.067130 0.022917 0.134259
0 0.843229 0.016204 0.019792 0.032407
0 0.596875 0.046759 0.028125 0.093519
