0 0.626042 0.614352 0.088542 0.465741
0 0.577344 0.483796 0.022396 0.126852
0 0.575521 0.499537 0.022917 0.102778
0 0.492188 0.449074 0.013542 0.064815
0 0.579948 0.455093 0.020313 0.102778
0 0.527344 0.458796 0.018229 0.095370
0 0.601562 0.654167 0.100000 0.563889
0 0.550260 0.630556 0.070312 0.479630
0 0.210677 0.482407 0.026562 0.103704
0 0.244792 0.472222 0.019792 0.101852
0 0.227083 0.473148 0.015625 0.100000
0 0.225781 0.481019 0.022396 0.095370
0 0.224479 0.463426 0.016667 0.076852
0 0.389583 0.526389 0.062500 0.302778
0 0.326562 0.532870 0.048958 0.260185
0 0.272656 0.560648 0.079687 0.302778
0 0.193750 0.556019 0.085417 0.310185
0 0.635938 0.535648 0.053125 0.263889
0 0.462240 0.483796 0.029687 0.160185
0 0.649219 0.457870 0.018229 0.087963
0 0.518490 0.455556 0.014063 0.072222
0 0.507552 0.451389 0.013021 0.071296
0 0.331250 0.458796 0.014583 0.071296
0 0.380729 0.451389 0.012500 0.065741
0 0.288281 0.454167 0.013021 0.065741
0 0.276562 0.456019 0.012500 0.062037
0 0.258594 0.462037 0.013021 0.075926
0 0.280990 0.450000 0.009896 0.050000
0 0.309635 0.448148 0.009896 0.046296
0 0.300781 0.449537 0.008854 0.050926
0 0.314583 0.445370 0.009375 0.048148
0 0.311198 0.444444 0.009896 0.048148
0 0.536198 0.453241 0.013021 0.067593
0 0.586719 0.462037 0.018229 0.092593
