0 0.821094 0.643056 0.096354 0.537963
0 0.589583 0.472222 0.018750 0.144444
0 0.584115 0.484259 0.027604 0.127778
0 0.502604 0.449537 0.015625 0.073148
0 0.536458 0.462037 0.019792 0.100000
0 0.513281 0.459259 0.018229 0.090741
0 0.888281 0.673611 0.158854 0.650926
0 0.755729 0.689815 0.128125 0.603704
0 0.211979 0.481019 0.026042 0.104630
0 0.229948 0.472222 0.017188 0.100000
0 0.227865 0.473148 0.015104 0.100000
0 0.227344 0.480093 0.022396 0.093519
0 0.228125 0.462500 0.017708 0.076852
0 0.480729 0.516204 0.048958 0.276852
0 0.569531 0.518056 0.050521 0.223148
0 0.511458 0.541667 0.072917 0.261111
0 0.409635 0.525000 0.056771 0.248148
0 0.972917 0.605093 0.053125 0.487963
0 0.370312 0.472222 0.020833 0.118519
0 0.622396 0.454167 0.017708 0.078704
0 0.594531 0.463426 0.021354 0.086111
0 0.579948 0.458796 0.018229 0.091667
0 0.342448 0.463426 0.016146 0.084259
0 0.383854 0.457870 0.014583 0.082407
0 0.306250 0.460648 0.016667 0.073148
0 0.288542 0.461574 0.013542 0.069444
0 0.244531 0.459722 0.013021 0.067593
0 0.284635 0.456481 0.009896 0.061111
0 0.307812 0.438426 0.009375 0.043519
0 0.311719 0.443981 0.009896 0.045370
0 0.296094 0.428704 0.006771 0.029630
0 0.302344 0.426852 0.006771 0.029630
0 0.560937 0.462037 0.017708 0.088889
