0 0.429427 0.569444 0.060937 0.327778
0 0.557552 0.498148 0.020313 0.101852
0 0.576042 0.500463 0.018750 0.104630
0 0.618750 0.460648 0.019792 0.091667
0 0.529167 0.457870 0.018750 0.091667
0 0.579427 0.455093 0.020313 0.100926
0 0.512500 0.459722 0.018750 0.104630
0 0.340365 0.613426 0.114062 0.445370
0 0.486979 0.549074 0.062500 0.274074
0 0.367448 0.581944 0.058854 0.336111
0 0.252604 0.480556 0.016667 0.100000
0 0.273177 0.471759 0.018229 0.097222
0 0.261979 0.471759 0.015625 0.095370
0 0.226302 0.481481 0.026562 0.094444
0 0.252344 0.462500 0.016146 0.076852
0 0.311458 0.489815 0.023958 0.133333
0 0.514062 0.523148 0.041667 0.244444
0 0.606250 0.462500 0.016667 0.082407
0 0.485156 0.469444 0.019271 0.122222
0 0.308594 0.449537 0.009896 0.056481
0 0.317708 0.456481 0.013542 0.061111
0 0.303385 0.458796 0.010937 0.062037
0 0.292708 0.453241 0.013542 0.067593
0 0.315104 0.453241 0.011458 0.062037
0 0.276823 0.454167 0.015104 0.062037
0 0.499219 0.453704 0.016146 0.088889
0 0.309896 0.411574 0.010417 0.039815
0 0.315625 0.411111 0.009375 0.038889
0 0.502344 0.454630 0.011979 0.066667
0 0.287500 0.445370 0.011458 0.050000
