0 0.845052 0.654630 0.049479 0.214815
0 0.257812 0.038426 0.031250 0.076852
0 0.255208 0.608333 0.042708 0.224074
0 0.916146 0.518981 0.051042 0.193519
0 0.485938 0.929167 0.038542 0.139815
0 0.351042 0.816667 0.036458 0.231481
0 0.433594 0.213889 0.032813 0.157407
0 0.505729 0.016667 0.025000 0.033333
0 0.337500 0.125926 0.020833 0.129630
0 0.155729 0.300463 0.030208 0.169444
0 0.128646 0.296759 0.028125 0.186111
0 0.605990 0.952315 0.052604 0.093519
0 0.637760 0.958333 0.043229 0.081481
0 0.403385 0.147685 0.021354 0.141667
0 0.403125 0.121759 0.027083 0.158333
0 0.298177 0.040741 0.023438 0.081481
0 0.265365 0.125000 0.023438 0.140741
0 0.301302 0.185185 0.030729 0.161111
0 0.163281 0.067130 0.026562 0.134259
0 0.200260 0.183333 0.025521 0.159259
0 0.163021 0.193056 0.025000 0.156481
0 0.196615 0.164352 0.026562 0.158333
0 0.130990 0.199074 0.024479 0.148148
0 0.122656 0.181019 0.026562 0.167593
0 0.151562 0.166204 0.029167 0.162037
0 0.157031 0.142593 0.027604 0.151852
0 0.118229 0.174074 0.020833 0.159259
0 0.472135 0.035648 0.025521 0.071296
0 0.190365 0.399074 0.034896 0.190741
0 0.259115 0.075926 0.029687 0.151852
0 0.776563 0.921759 0.044792 0.154630
0 0.733333 0.936574 0.045833 0.125000
0 0.859115 0.248611 0.035937 0.169444
0 0.797396 0.242593 0.029167 0.162963
0 0.786458 0.071296 0.030208 0.131481
0 0.820052 0.034259 0.027604 0.068519
0 0.782292 0.028241 0.026042 0.056481
0 0.257552 0.179630 0.023438 0.161111
0 0.236198 0.184259 0.027604 0.144444
0 0.176823 0.050000 0.027604 0.100000
0 0.228125 0.070370 0.029167 0.140741
0 0.196875 0.067593 0.026042 0.135185
0 0.233594 0.056944 0.023438 0.113889
0 0.845833 0.014815 0.015625 0.029630
0 0.625000 0.056019 0.037500 0.112037
