0 0.845313 0.654630 0.050000 0.214815
0 0.235417 0.623611 0.047917 0.225000
0 0.915625 0.518056 0.046875 0.191667
0 0.461198 0.936111 0.043229 0.125926
0 0.351042 0.816667 0.036458 0.231481
0 0.421615 0.208333 0.025521 0.162963
0 0.336979 0.125463 0.020833 0.128704
0 0.182292 0.266204 0.030208 0.163889
0 0.149479 0.265741 0.029167 0.185185
0 0.403385 0.145833 0.024479 0.139815
0 0.404427 0.121759 0.027604 0.158333
0 0.299219 0.040278 0.024479 0.080556
0 0.252604 0.070833 0.021875 0.130556
0 0.302083 0.186574 0.029167 0.162037
0 0.178906 0.059259 0.024479 0.118519
0 0.200000 0.181481 0.025000 0.159259
0 0.163281 0.192593 0.025521 0.155556
0 0.194531 0.164815 0.025521 0.164815
0 0.136719 0.200463 0.025521 0.150926
0 0.121615 0.179167 0.025521 0.171296
0 0.147917 0.165278 0.029167 0.162037
0 0.160156 0.141667 0.027604 0.151852
0 0.118229 0.174074 0.020833 0.159259
0 0.469531 0.026852 0.025521 0.053704
0 0.174479 0.491667 0.037500 0.201852
0 0.252604 0.041667 0.031250 0.083333
0 0.665104 0.802778 0.050000 0.246296
0 0.625000 0.822222 0.041667 0.240741
0 0.846615 0.184259 0.029687 0.164815
0 0.779167 0.179167 0.028125 0.156481
0 0.766406 0.028704 0.023438 0.057407
0 0.787240 0.012963 0.022396 0.025926
0 0.785417 0.072222 0.030208 0.131481
0 0.260937 0.240278 0.023958 0.167593
0 0.231510 0.243519 0.033854 0.150000
0 0.147135 0.056019 0.024479 0.112037
0 0.236979 0.113426 0.030208 0.147222
0 0.206771 0.113889 0.027083 0.148148
0 0.237760 0.099074 0.025521 0.142593
0 0.833073 0.018056 0.020313 0.036111
0 0.504948 0.037500 0.035937 0.075000
