0 0.844271 0.646759 0.107292 0.541667
0 0.589844 0.471296 0.019271 0.144444
0 0.581771 0.481944 0.026042 0.125000
0 0.505729 0.450926 0.015625 0.075926
0 0.535417 0.463889 0.019792 0.100000
0 0.510156 0.459259 0.018229 0.090741
0 0.905729 0.673611 0.161458 0.650926
0 0.773958 0.688426 0.121875 0.600926
0 0.211719 0.481019 0.025521 0.104630
0 0.229687 0.472222 0.016667 0.100000
0 0.227865 0.473148 0.015104 0.100000
0 0.227865 0.480093 0.022396 0.093519
0 0.228646 0.462500 0.017708 0.076852
0 0.484896 0.516667 0.045833 0.275926
0 0.577604 0.515278 0.052083 0.223148
0 0.531771 0.540278 0.050000 0.258333
0 0.427083 0.519444 0.042708 0.240741
0 0.364323 0.471759 0.021354 0.113889
0 0.622656 0.453704 0.017188 0.079630
0 0.602083 0.463426 0.019792 0.087963
0 0.589323 0.457870 0.018229 0.093519
0 0.345052 0.463426 0.016146 0.086111
0 0.382812 0.458796 0.015625 0.084259
0 0.306771 0.460648 0.016667 0.073148
0 0.289844 0.462500 0.013021 0.069444
0 0.244010 0.459722 0.013021 0.067593
0 0.285677 0.456481 0.009896 0.061111
0 0.308333 0.436574 0.009375 0.043519
0 0.311719 0.443981 0.009896 0.045370
0 0.295052 0.426852 0.006771 0.029630
0 0.302344 0.425000 0.006771 0.029630
