0 0.377604 0.553241 0.051042 0.293519
0 0.557813 0.498148 0.019792 0.101852
0 0.575781 0.500463 0.018229 0.104630
0 0.655729 0.458796 0.019792 0.091667
0 0.533594 0.457407 0.019271 0.092593
0 0.579427 0.455556 0.020313 0.100000
0 0.498437 0.456481 0.021875 0.105556
0 0.325260 0.584259 0.068229 0.348148
0 0.426563 0.533796 0.046875 0.226852
0 0.316146 0.558333 0.056250 0.287037
0 0.268490 0.481019 0.017188 0.095370
0 0.267708 0.470370 0.016667 0.096296
0 0.239063 0.480556 0.021875 0.094444
0 0.239323 0.462500 0.019271 0.076852
0 0.319010 0.484722 0.022396 0.126852
0 0.433333 0.511574 0.040625 0.202778
0 0.577865 0.455556 0.016146 0.074074
0 0.403906 0.474074 0.019271 0.111111
0 0.320573 0.459259 0.013021 0.064815
0 0.298438 0.454167 0.012500 0.067593
0 0.320573 0.455093 0.011979 0.065741
0 0.284115 0.454630 0.014063 0.064815
0 0.309375 0.410648 0.010417 0.039815
0 0.315104 0.411111 0.009375 0.038889
0 0.524219 0.452778 0.011979 0.064815
0 0.511198 0.459722 0.010937 0.039815
0 0.417708 0.459259 0.016667 0.087037
0 0.292969 0.447222 0.010937 0.051852
