0 0.347135 0.544444 0.048438 0.264815
0 0.558594 0.498148 0.019271 0.101852
0 0.575781 0.500926 0.017188 0.105556
0 0.665365 0.460185 0.017188 0.092593
0 0.533333 0.461111 0.020833 0.105556
0 0.580990 0.456481 0.020313 0.100000
0 0.494271 0.455556 0.021875 0.105556
0 0.292187 0.557870 0.067708 0.297222
0 0.379948 0.523148 0.038021 0.203704
0 0.813021 0.455556 0.026042 0.116667
0 0.283333 0.549074 0.045833 0.261111
0 0.287240 0.472222 0.018229 0.087037
0 0.265885 0.469907 0.015104 0.095370
0 0.257292 0.477778 0.015625 0.090741
0 0.228646 0.463889 0.019792 0.077778
0 0.314844 0.483333 0.021354 0.124074
0 0.373437 0.504167 0.040625 0.176852
0 0.548958 0.456019 0.016667 0.071296
0 0.352083 0.480556 0.019792 0.116667
0 0.323437 0.461111 0.013542 0.068519
0 0.302865 0.453704 0.011979 0.066667
0 0.326042 0.457407 0.012500 0.070370
0 0.306771 0.412500 0.010417 0.039815
0 0.314583 0.411111 0.009375 0.038889
0 0.540104 0.449537 0.012500 0.063889
0 0.393490 0.459259 0.017188 0.088889
