0 0.506250 0.587037 0.064583 0.381481
0 0.557552 0.500463 0.020313 0.097222
0 0.575781 0.500463 0.019271 0.104630
0 0.592187 0.462500 0.019792 0.091667
0 0.522917 0.456481 0.017708 0.087037
0 0.581771 0.455093 0.019792 0.100926
0 0.513802 0.463426 0.018229 0.104630
0 0.452344 0.647222 0.129688 0.542593
0 0.603385 0.569444 0.054688 0.316667
0 0.419792 0.599537 0.066667 0.376852
0 0.234375 0.481019 0.023958 0.100926
0 0.276562 0.469907 0.017708 0.100926
0 0.257552 0.471759 0.016146 0.095370
0 0.225781 0.482407 0.023438 0.092593
0 0.252083 0.463426 0.015625 0.076852
0 0.330990 0.500000 0.027604 0.164815
0 0.620833 0.539815 0.056250 0.283333
0 0.646094 0.462037 0.023438 0.092593
0 0.558854 0.467593 0.025000 0.111111
0 0.388802 0.451389 0.009896 0.062037
0 0.397135 0.450463 0.009896 0.067593
0 0.313802 0.449074 0.009896 0.055556
0 0.267448 0.466667 0.010937 0.075926
0 0.314583 0.454630 0.011458 0.057407
0 0.300781 0.456481 0.009896 0.057407
0 0.291927 0.451389 0.011979 0.060185
0 0.321094 0.453241 0.011979 0.052778
0 0.308854 0.450926 0.011458 0.059259
0 0.277865 0.453241 0.015104 0.058333
0 0.519271 0.457407 0.016667 0.088889
0 0.310937 0.416204 0.010417 0.039815
0 0.316667 0.412963 0.009375 0.038889
0 0.282292 0.446296 0.011458 0.050000
