0 0.844792 0.654630 0.048958 0.214815
0 0.267188 0.051389 0.031250 0.102778
0 0.314583 0.610185 0.034375 0.224074
0 0.914323 0.518981 0.048438 0.193519
0 0.524479 0.936574 0.039583 0.125000
0 0.351042 0.816667 0.036458 0.231481
0 0.433594 0.213426 0.033854 0.156481
0 0.514323 0.024537 0.025521 0.049074
0 0.486979 0.024537 0.027083 0.049074
0 0.333854 0.126852 0.019792 0.131481
0 0.143750 0.318056 0.031250 0.171296
0 0.110677 0.313426 0.041146 0.184259
0 0.605469 0.921759 0.053646 0.154630
0 0.641667 0.927778 0.051042 0.142593
0 0.403125 0.145370 0.021875 0.140741
0 0.416406 0.125463 0.027604 0.160185
0 0.297656 0.041204 0.022396 0.082407
0 0.270573 0.152778 0.023438 0.144444
0 0.150000 0.978241 0.043750 0.041667
0 0.193750 0.950926 0.052083 0.096296
0 0.303125 0.183796 0.027083 0.163889
0 0.159375 0.077315 0.030208 0.145370
0 0.200521 0.183333 0.026042 0.159259
0 0.163021 0.193056 0.025000 0.156481
0 0.199219 0.166667 0.024479 0.157407
0 0.131510 0.199074 0.027604 0.148148
0 0.119010 0.181019 0.026562 0.167593
0 0.153125 0.166204 0.029167 0.162037
0 0.158073 0.143519 0.027604 0.151852
0 0.118229 0.174074 0.020833 0.159259
0 0.467969 0.039352 0.025521 0.078704
0 0.200521 0.366204 0.032292 0.186111
0 0.267448 0.104630 0.031771 0.161111
0 0.828125 0.967130 0.042708 0.063889
0 0.782031 0.976389 0.039062 0.045370
0 0.865365 0.282870 0.042188 0.175000
0 0.816406 0.266204 0.026562 0.165741
0 0.786458 0.070370 0.030208 0.131481
0 0.845573 0.043056 0.027604 0.086111
0 0.801302 0.040741 0.026562 0.081481
0 0.244271 0.153241 0.023958 0.154630
0 0.225000 0.163889 0.025000 0.140741
0 0.193490 0.044444 0.024479 0.088889
0 0.233854 0.058796 0.030208 0.117593
0 0.197135 0.053704 0.026562 0.107407
0 0.241406 0.045370 0.023438 0.090741
