0 0.845052 0.654630 0.049479 0.214815
0 0.254688 0.036574 0.031250 0.073148
0 0.248698 0.604167 0.036979 0.228704
0 0.916406 0.518981 0.051562 0.193519
0 0.475260 0.929167 0.039062 0.139815
0 0.351042 0.816667 0.036458 0.231481
0 0.433333 0.213889 0.032292 0.157407
0 0.504167 0.013426 0.025000 0.026852
0 0.339062 0.125926 0.020833 0.129630
0 0.157812 0.296296 0.030208 0.168519
0 0.131250 0.293519 0.029167 0.181481
0 0.597656 0.961111 0.052604 0.075926
0 0.641146 0.964815 0.048958 0.068519
0 0.403385 0.145833 0.023438 0.141667
0 0.403906 0.121296 0.027604 0.159259
0 0.298177 0.040741 0.023438 0.081481
0 0.263021 0.117130 0.022917 0.134259
0 0.303385 0.184259 0.027604 0.162963
0 0.164844 0.065741 0.026562 0.131481
0 0.200000 0.183333 0.025000 0.159259
0 0.163021 0.193519 0.025000 0.155556
0 0.197656 0.165741 0.026562 0.157407
0 0.129167 0.199074 0.026042 0.148148
0 0.122135 0.181019 0.026562 0.167593
0 0.151042 0.168056 0.029167 0.162037
0 0.156771 0.141667 0.027083 0.151852
0 0.118229 0.174074 0.020833 0.159259
0 0.472917 0.033796 0.026042 0.067593
0 0.185938 0.406944 0.036458 0.189815
0 0.258333 0.071759 0.028125 0.143519
0 0.766406 0.914352 0.052604 0.169444
0 0.721615 0.923611 0.044271 0.150926
0 0.860417 0.240741 0.039583 0.172222
0 0.792969 0.237500 0.029687 0.162037
0 0.786458 0.071296 0.030208 0.131481
0 0.815625 0.031481 0.027083 0.062963
0 0.778906 0.023611 0.025521 0.047222
0 0.259896 0.185648 0.022917 0.162037
0 0.236198 0.186574 0.031771 0.145370
0 0.168750 0.050000 0.031250 0.100000
0 0.226823 0.071296 0.027604 0.142593
0 0.196875 0.069907 0.026042 0.139815
0 0.230990 0.060648 0.023438 0.121296
0 0.844531 0.015741 0.017188 0.031481
0 0.610677 0.051852 0.038021 0.103704
