0 0.621354 0.611111 0.087500 0.479630
0 0.564323 0.492593 0.021354 0.107407
0 0.575521 0.499537 0.021875 0.102778
0 0.498698 0.449537 0.014063 0.069444
0 0.583854 0.455093 0.019792 0.102778
0 0.523438 0.463426 0.018750 0.099074
0 0.613542 0.656019 0.110417 0.562037
0 0.528906 0.628704 0.074479 0.475926
0 0.208854 0.481481 0.026042 0.103704
0 0.256250 0.471296 0.018750 0.101852
0 0.229687 0.472222 0.015625 0.100000
0 0.225521 0.481019 0.022917 0.095370
0 0.222396 0.464352 0.016667 0.076852
0 0.271875 0.550926 0.085417 0.346296
0 0.167187 0.554630 0.083333 0.298148
0 0.106771 0.586111 0.069792 0.359259
0 0.013542 0.575463 0.027083 0.345370
0 0.533333 0.522222 0.045833 0.222222
0 0.533073 0.498148 0.042188 0.188889
0 0.821875 0.455093 0.023958 0.100926
0 0.661458 0.458796 0.021875 0.091667
0 0.496615 0.451852 0.011979 0.064815
0 0.476042 0.449074 0.013542 0.070370
0 0.333854 0.456019 0.014583 0.065741
0 0.372656 0.450926 0.011979 0.061111
0 0.279687 0.454167 0.012500 0.060185
0 0.265104 0.462500 0.012500 0.076852
0 0.281250 0.450926 0.009375 0.048148
0 0.308854 0.450926 0.010417 0.051852
0 0.298438 0.451852 0.009375 0.053704
0 0.297396 0.447222 0.009375 0.051852
0 0.316146 0.447222 0.010417 0.048148
0 0.309375 0.446296 0.010417 0.051852
0 0.289323 0.449537 0.009896 0.052778
0 0.535156 0.454630 0.014063 0.070370
0 0.586719 0.462037 0.018229 0.092593
