0 0.622135 0.609722 0.082812 0.482407
0 0.567448 0.490278 0.021354 0.112037
0 0.575521 0.499537 0.021875 0.102778
0 0.497396 0.449074 0.013542 0.068519
0 0.583854 0.455093 0.019792 0.102778
0 0.523438 0.462963 0.018750 0.098148
0 0.615885 0.656019 0.111979 0.562037
0 0.540104 0.629167 0.067708 0.476852
0 0.209375 0.481481 0.027083 0.103704
0 0.254167 0.470833 0.018750 0.100926
0 0.228646 0.472222 0.015625 0.100000
0 0.225521 0.481019 0.022917 0.095370
0 0.222917 0.464352 0.016667 0.076852
0 0.316667 0.544907 0.071875 0.334259
0 0.203906 0.545833 0.051562 0.284259
0 0.148177 0.581481 0.096354 0.338889
0 0.051042 0.574537 0.102083 0.341667
0 0.555208 0.523611 0.047917 0.243519
0 0.511719 0.494444 0.038021 0.179630
0 0.662240 0.457407 0.020313 0.088889
0 0.502604 0.453704 0.011458 0.066667
0 0.482812 0.449074 0.013542 0.070370
0 0.333333 0.455556 0.014583 0.066667
0 0.375521 0.451389 0.012500 0.062037
0 0.281510 0.454167 0.013021 0.060185
0 0.273438 0.456019 0.012500 0.062037
0 0.263542 0.462037 0.011458 0.075926
0 0.281250 0.450926 0.009375 0.048148
0 0.308854 0.450000 0.010417 0.050000
0 0.299479 0.451852 0.009375 0.053704
0 0.315625 0.446759 0.010417 0.049074
0 0.309896 0.445833 0.010417 0.050926
0 0.290885 0.449537 0.009896 0.052778
0 0.535677 0.454167 0.014063 0.069444
0 0.586719 0.462037 0.018229 0.092593
