0 0.572917 0.606019 0.085417 0.432407
0 0.557813 0.498148 0.020833 0.098148
0 0.575781 0.500000 0.021354 0.103704
0 0.510156 0.450926 0.014063 0.070370
0 0.581771 0.454167 0.019792 0.100926
0 0.524219 0.466204 0.018229 0.104630
0 0.582292 0.655556 0.105208 0.570370
0 0.924479 0.624074 0.108333 0.457407
0 0.502344 0.633796 0.072396 0.487963
0 0.209635 0.481019 0.022396 0.102778
0 0.270833 0.471296 0.021875 0.100000
0 0.235937 0.472222 0.015625 0.100000
0 0.225000 0.481481 0.023958 0.094444
0 0.219792 0.465278 0.015625 0.076852
0 0.030990 0.581944 0.061979 0.423148
0 0.427083 0.507870 0.034375 0.199074
0 0.885156 0.572685 0.092188 0.384259
0 0.711458 0.525463 0.071875 0.254630
0 0.740885 0.459722 0.030729 0.099074
0 0.628385 0.460648 0.024479 0.097222
0 0.449479 0.448148 0.011458 0.064815
0 0.430208 0.448148 0.013542 0.070370
0 0.333073 0.451852 0.009896 0.055556
0 0.354427 0.450000 0.011979 0.055556
0 0.269792 0.465278 0.013542 0.073148
0 0.307292 0.453241 0.011458 0.054630
0 0.296354 0.453704 0.010417 0.053704
0 0.296094 0.449074 0.009896 0.055556
0 0.316406 0.449074 0.011979 0.050000
0 0.307552 0.448148 0.010937 0.055556
0 0.285677 0.451389 0.010937 0.056481
0 0.534635 0.457407 0.015104 0.072222
0 0.315625 0.429167 0.010417 0.039815
