0 0.971094 0.650000 0.056771 0.562963
0 0.591667 0.467593 0.019792 0.140741
0 0.567969 0.470370 0.021354 0.114815
0 0.523958 0.456944 0.018750 0.091667
0 0.529427 0.461574 0.020313 0.093519
0 0.480208 0.462500 0.017708 0.091667
0 0.933854 0.686574 0.131250 0.625000
0 0.211198 0.481019 0.024479 0.104630
0 0.230208 0.472685 0.015625 0.097222
0 0.228385 0.473148 0.015104 0.100000
0 0.227865 0.480556 0.022396 0.092593
0 0.230729 0.461574 0.017708 0.076852
0 0.567708 0.514815 0.060417 0.264815
0 0.620313 0.513426 0.043750 0.228704
0 0.636719 0.535185 0.065104 0.253704
0 0.527604 0.512963 0.054167 0.225926
0 0.341667 0.469444 0.017708 0.100000
0 0.657292 0.459722 0.021875 0.104630
0 0.354687 0.466667 0.019792 0.094444
0 0.385417 0.462500 0.020833 0.095370
0 0.313542 0.461574 0.017708 0.076852
0 0.295573 0.463426 0.014063 0.075000
0 0.237240 0.462037 0.010937 0.066667
0 0.283854 0.448611 0.009375 0.052778
0 0.289844 0.460185 0.013021 0.068519
0 0.310156 0.430093 0.009896 0.041667
0 0.310417 0.437963 0.009375 0.040741
0 0.297396 0.422222 0.006250 0.027778
0 0.303385 0.419444 0.006771 0.029630
0 0.410677 0.443981 0.014063 0.052778
0 0.552344 0.457407 0.016146 0.085185
