0 0.844792 0.654630 0.048958 0.214815
0 0.265625 0.052778 0.031250 0.105556
0 0.323177 0.615741 0.043229 0.225926
0 0.914062 0.518981 0.047917 0.193519
0 0.529167 0.937037 0.039583 0.124074
0 0.351042 0.816667 0.036458 0.231481
0 0.433594 0.213426 0.033854 0.156481
0 0.514844 0.026852 0.025521 0.053704
0 0.488021 0.026389 0.027083 0.052778
0 0.333594 0.126852 0.020313 0.131481
0 0.142187 0.322685 0.031250 0.171296
0 0.107031 0.313426 0.033854 0.184259
0 0.602344 0.915278 0.059896 0.167593
0 0.638802 0.920833 0.049479 0.156481
0 0.403385 0.145370 0.021354 0.140741
0 0.419531 0.125463 0.027604 0.156481
0 0.297656 0.041204 0.022396 0.082407
0 0.269010 0.155556 0.023438 0.144444
0 0.152083 0.973148 0.043750 0.051852
0 0.192188 0.943056 0.052083 0.112037
0 0.303646 0.184259 0.026042 0.162963
0 0.161458 0.077778 0.029167 0.146296
0 0.200521 0.183333 0.026042 0.159259
0 0.163021 0.193056 0.025000 0.156481
0 0.198177 0.165741 0.025521 0.159259
0 0.130208 0.199074 0.027083 0.148148
0 0.118490 0.180093 0.026562 0.167593
0 0.154948 0.166667 0.029687 0.161111
0 0.158333 0.142593 0.027083 0.151852
0 0.118229 0.174074 0.020833 0.159259
0 0.467448 0.040278 0.025521 0.080556
0 0.203385 0.354630 0.033854 0.183333
0 0.266927 0.111111 0.031771 0.161111
0 0.839323 0.977778 0.035937 0.042593
0 0.789583 0.982870 0.036458 0.032407
0 0.868750 0.288889 0.038542 0.175926
0 0.820052 0.272222 0.026562 0.166667
0 0.786458 0.070370 0.030208 0.131481
0 0.993490 0.357870 0.011979 0.163889
0 0.850260 0.045833 0.027604 0.091667
0 0.804948 0.042593 0.026562 0.085185
0 0.241927 0.150463 0.024479 0.156481
0 0.221615 0.160185 0.025521 0.140741
0 0.194792 0.042130 0.025000 0.084259
0 0.234115 0.055093 0.030729 0.110185
0 0.197396 0.050926 0.026042 0.101852
0 0.244531 0.045370 0.023438 0.090741
