0 0.601042 0.616204 0.095833 0.449074
0 0.557813 0.497222 0.020833 0.098148
0 0.575781 0.500000 0.021354 0.103704
0 0.507552 0.450926 0.014063 0.070370
0 0.582552 0.455093 0.020313 0.100926
0 0.524740 0.465278 0.018229 0.102778
0 0.598958 0.652315 0.098958 0.563889
0 0.504427 0.633333 0.075521 0.487037
0 0.209635 0.480556 0.022396 0.101852
0 0.266406 0.471296 0.022396 0.100000
0 0.232292 0.472222 0.015625 0.100000
0 0.225000 0.481481 0.023958 0.094444
0 0.220312 0.465278 0.015625 0.076852
0 0.092448 0.578704 0.143229 0.407407
0 0.453646 0.507407 0.042708 0.200000
0 0.950000 0.577778 0.081250 0.420370
0 0.660677 0.515278 0.058854 0.234259
0 0.764583 0.457407 0.027083 0.101852
0 0.639844 0.461574 0.024479 0.097222
0 0.464062 0.449074 0.011458 0.064815
0 0.438542 0.447222 0.013542 0.070370
0 0.335417 0.454630 0.011458 0.059259
0 0.359115 0.450000 0.011979 0.055556
0 0.270573 0.463426 0.016146 0.073148
0 0.281771 0.449537 0.008333 0.047222
0 0.307812 0.451852 0.010417 0.053704
0 0.296354 0.452778 0.009375 0.053704
0 0.296094 0.448611 0.009896 0.054630
0 0.316667 0.448611 0.011458 0.049074
0 0.307812 0.447685 0.010417 0.054630
0 0.286719 0.450463 0.010937 0.054630
0 0.534635 0.456481 0.015104 0.072222
0 0.593229 0.461574 0.019792 0.091667
