0 0.885938 0.654630 0.111458 0.551852
0 0.590104 0.470370 0.018750 0.144444
0 0.578125 0.477315 0.023958 0.121296
0 0.510938 0.452315 0.016667 0.080556
0 0.535417 0.463889 0.019792 0.100000
0 0.508073 0.460185 0.018229 0.090741
0 0.957552 0.674537 0.083854 0.649074
0 0.822396 0.684722 0.118750 0.604630
0 0.211719 0.481019 0.025521 0.104630
0 0.229427 0.472685 0.016146 0.099074
0 0.228125 0.473148 0.015625 0.100000
0 0.227865 0.480093 0.022396 0.093519
0 0.229167 0.461574 0.017708 0.076852
0 0.513021 0.517130 0.065625 0.273148
0 0.596354 0.514352 0.041667 0.223148
0 0.564323 0.541667 0.057813 0.257407
0 0.454948 0.518519 0.061979 0.235185
0 0.352865 0.471759 0.020313 0.108333
0 0.623437 0.453241 0.016667 0.080556
0 0.617708 0.461111 0.018750 0.092593
0 0.604688 0.456481 0.018750 0.096296
0 0.347396 0.464352 0.015625 0.087963
0 0.380729 0.458796 0.016667 0.087963
0 0.308594 0.459722 0.018229 0.075000
0 0.290885 0.462037 0.014063 0.070370
0 0.242448 0.461574 0.013021 0.067593
0 0.285677 0.456944 0.009896 0.062037
0 0.308854 0.434259 0.009375 0.042593
0 0.311719 0.443981 0.009896 0.045370
0 0.296094 0.425926 0.006771 0.029630
0 0.302344 0.423148 0.006771 0.029630
0 0.394792 0.445370 0.013542 0.055556
0 0.556510 0.458333 0.017188 0.085185
