0 0.622396 0.610185 0.088542 0.475926
0 0.561719 0.494444 0.021354 0.103704
0 0.575521 0.499537 0.021875 0.102778
0 0.500260 0.450000 0.014063 0.070370
0 0.583594 0.455093 0.020313 0.102778
0 0.523698 0.463889 0.018229 0.100000
0 0.612240 0.656019 0.107813 0.562037
0 0.520833 0.630556 0.073958 0.475926
0 0.208854 0.481481 0.025000 0.103704
0 0.257812 0.471296 0.017708 0.101852
0 0.229687 0.472222 0.015625 0.100000
0 0.225521 0.481019 0.022917 0.095370
0 0.222135 0.464352 0.016146 0.076852
0 0.260417 0.557870 0.100000 0.356481
0 0.131250 0.556019 0.061458 0.300926
0 0.058333 0.600926 0.116667 0.377778
0 0.528906 0.518981 0.045312 0.217593
0 0.551562 0.499074 0.041667 0.194444
0 0.813542 0.455093 0.023958 0.100926
0 0.657031 0.461111 0.022396 0.096296
0 0.490885 0.450926 0.011979 0.064815
0 0.468750 0.449074 0.013542 0.070370
0 0.334115 0.456481 0.014063 0.064815
0 0.369792 0.450000 0.011458 0.059259
0 0.278125 0.453704 0.012500 0.059259
0 0.266667 0.462963 0.012500 0.075926
0 0.281250 0.450926 0.009375 0.048148
0 0.308854 0.451389 0.010417 0.052778
0 0.297917 0.451852 0.009375 0.053704
0 0.297396 0.446759 0.009375 0.054630
0 0.316146 0.447222 0.010417 0.048148
0 0.309375 0.446296 0.010417 0.051852
0 0.289323 0.450000 0.009896 0.053704
0 0.534896 0.454630 0.014583 0.070370
0 0.590365 0.461574 0.019271 0.091667
