0 0.385677 0.555093 0.052604 0.302778
0 0.557813 0.498148 0.019792 0.101852
0 0.575781 0.500463 0.018229 0.104630
0 0.643229 0.458796 0.019792 0.091667
0 0.532292 0.457870 0.018750 0.091667
0 0.578906 0.455556 0.020313 0.100000
0 0.506771 0.456019 0.019792 0.104630
0 0.335938 0.595370 0.075000 0.385185
0 0.443750 0.536574 0.044792 0.245370
0 0.329427 0.571296 0.057813 0.314815
0 0.262500 0.481481 0.019792 0.098148
0 0.268229 0.470370 0.017708 0.096296
0 0.228385 0.479630 0.030729 0.096296
0 0.246354 0.460648 0.016667 0.076852
0 0.320573 0.484722 0.023438 0.126852
0 0.462760 0.513889 0.044271 0.216667
0 0.588021 0.459722 0.017708 0.080556
0 0.430469 0.470370 0.023438 0.118519
0 0.305729 0.449074 0.010417 0.055556
0 0.319531 0.457870 0.013021 0.063889
0 0.297396 0.454630 0.012500 0.068519
0 0.318750 0.454630 0.011458 0.064815
0 0.282292 0.454167 0.015625 0.063889
0 0.309896 0.410648 0.010417 0.039815
0 0.315104 0.411111 0.009375 0.038889
0 0.512240 0.450463 0.011979 0.065741
0 0.501302 0.459722 0.010937 0.039815
0 0.423698 0.456481 0.016146 0.079630
0 0.290625 0.445833 0.011458 0.050926
