0 0.592708 0.464815 0.021875 0.135185
0 0.565885 0.469444 0.021354 0.114815
0 0.526042 0.457407 0.018750 0.094444
0 0.527604 0.461574 0.020833 0.093519
0 0.477604 0.462500 0.017708 0.091667
0 0.936198 0.686574 0.126562 0.625000
0 0.210938 0.481019 0.023958 0.104630
0 0.230208 0.472222 0.015625 0.096296
0 0.228385 0.473148 0.015104 0.100000
0 0.227604 0.480556 0.021875 0.092593
0 0.230990 0.461574 0.018229 0.076852
0 0.579688 0.513889 0.046875 0.262963
0 0.622135 0.513889 0.043229 0.227778
0 0.645052 0.534259 0.061979 0.253704
0 0.530729 0.512963 0.054167 0.224074
0 0.339323 0.468981 0.017188 0.099074
0 0.355990 0.468056 0.019271 0.095370
0 0.386719 0.463426 0.021354 0.093519
0 0.314323 0.462037 0.017188 0.077778
0 0.296875 0.464352 0.013542 0.075000
0 0.287500 0.449074 0.010417 0.051852
0 0.289844 0.460185 0.013021 0.068519
0 0.310156 0.429167 0.009896 0.041667
0 0.310417 0.436111 0.009375 0.040741
0 0.297396 0.422222 0.006250 0.027778
0 0.303385 0.418519 0.006771 0.029630
0 0.412760 0.443519 0.014063 0.051852
0 0.551823 0.455556 0.016146 0.087037
