0 0.844792 0.654630 0.048958 0.214815
0 0.265104 0.053241 0.031250 0.106481
0 0.326042 0.618056 0.045833 0.226852
0 0.914062 0.518981 0.047917 0.193519
0 0.530729 0.937037 0.039583 0.124074
0 0.351042 0.816667 0.036458 0.231481
0 0.433594 0.213426 0.033854 0.156481
0 0.515365 0.027778 0.025521 0.055556
0 0.488542 0.026852 0.027083 0.053704
0 0.333594 0.126852 0.020313 0.131481
0 0.141667 0.324537 0.031250 0.171296
0 0.105729 0.313426 0.031250 0.184259
0 0.601302 0.913426 0.061979 0.171296
0 0.638021 0.918519 0.048958 0.161111
0 0.403385 0.145370 0.021354 0.140741
0 0.420573 0.125926 0.027604 0.155556
0 0.297656 0.041204 0.022396 0.082407
0 0.268490 0.156481 0.023438 0.144444
0 0.153125 0.971296 0.043750 0.055556
0 0.191667 0.940741 0.052083 0.116667
0 0.303906 0.184722 0.026562 0.162037
0 0.162240 0.077778 0.028646 0.146296
0 0.200521 0.183333 0.026042 0.159259
0 0.163021 0.193056 0.025000 0.156481
0 0.197917 0.165741 0.026042 0.159259
0 0.129688 0.199074 0.027083 0.148148
0 0.117969 0.180093 0.026562 0.167593
0 0.155469 0.166667 0.029687 0.161111
0 0.158333 0.142593 0.027083 0.151852
0 0.118229 0.174074 0.020833 0.159259
0 0.467187 0.040741 0.026042 0.081481
0 0.204427 0.350926 0.033854 0.181481
0 0.266406 0.112963 0.031771 0.161111
0 0.869792 0.290741 0.036458 0.175926
0 0.821094 0.274074 0.026562 0.166667
0 0.786458 0.070370 0.030208 0.131481
0 0.992708 0.356944 0.013542 0.163889
0 0.851302 0.047222 0.027604 0.094444
0 0.805990 0.043519 0.026562 0.087037
0 0.241146 0.149537 0.023958 0.156481
0 0.220573 0.159259 0.025521 0.140741
0 0.195312 0.041667 0.025000 0.083333
0 0.234115 0.053704 0.030729 0.107407
0 0.198177 0.050000 0.026562 0.100000
0 0.244531 0.044444 0.023438 0.088889
