0 0.611198 0.382870 0.031771 0.143519
0 0.446875 0.367130 0.029167 0.141667
0 0.323958 0.415741 0.068750 0.316667
0 0.953125 0.631019 0.092708 0.723148
0 0.202604 0.394907 0.071875 0.278704
0 0.482292 0.369444 0.026042 0.127778
0 0.520312 0.344907 0.013542 0.056481
0 0.561719 0.373611 0.025521 0.156481
0 0.295573 0.356944 0.021354 0.100926
0 0.569531 0.372685 0.025521 0.143519
0 0.655208 0.367130 0.020833 0.113889
0 0.282292 0.362963 0.019792 0.120370
0 0.264583 0.362963 0.022917 0.120370
0 0.291406 0.366667 0.022396 0.129630
0 0.004427 0.367130 0.008854 0.145370
0 0.500781 0.339352 0.009896 0.034259
0 0.377865 0.343519 0.010937 0.059259
0 0.358073 0.338889 0.013021 0.068519
0 0.333073 0.340278 0.011979 0.060185
0 0.346875 0.338889 0.012500 0.057407
