0 0.803646 0.563889 0.093750 0.372222
0 0.328385 0.534722 0.045312 0.247222
0 0.855469 0.562037 0.097396 0.337037
0 0.558854 0.498148 0.018750 0.101852
0 0.576042 0.500926 0.016667 0.105556
0 0.662760 0.460185 0.017188 0.092593
0 0.538542 0.457407 0.020833 0.107407
0 0.582812 0.457407 0.019792 0.100000
0 0.496875 0.455556 0.021875 0.105556
0 0.264583 0.544444 0.064583 0.264815
0 0.351562 0.513889 0.034375 0.175926
0 0.744271 0.462500 0.029167 0.117593
0 0.805729 0.461574 0.027083 0.113889
0 0.274740 0.541204 0.046354 0.230556
0 0.294010 0.472685 0.018229 0.086111
0 0.228125 0.463889 0.020833 0.077778
0 0.311719 0.484259 0.018229 0.124074
0 0.522917 0.456944 0.016667 0.071296
0 0.342187 0.480556 0.019792 0.120370
0 0.306250 0.417130 0.010417 0.039815
0 0.314583 0.414815 0.009375 0.038889
0 0.543750 0.447222 0.012500 0.062963
0 0.363021 0.456944 0.017708 0.078704
