0 0.837240 0.690741 0.045312 0.222222
0 0.248438 0.173148 0.036458 0.181481
0 0.284896 0.641667 0.053125 0.222222
0 0.915625 0.519907 0.040625 0.193519
0 0.518750 0.926852 0.040625 0.144444
0 0.351042 0.816667 0.036458 0.231481
0 0.429427 0.218519 0.030729 0.161111
0 0.760156 0.048148 0.024479 0.096296
0 0.549219 0.131481 0.027604 0.148148
0 0.514583 0.128241 0.033333 0.163889
0 0.278646 0.161111 0.022917 0.155556
0 0.497396 0.079167 0.032292 0.150926
0 0.069792 0.411111 0.026042 0.174074
0 0.053906 0.392130 0.038021 0.186111
0 0.460677 0.538426 0.043229 0.208333
0 0.494010 0.540741 0.042188 0.190741
0 0.408594 0.152778 0.021354 0.133333
0 0.383073 0.167593 0.028646 0.155556
0 0.380208 0.077315 0.026042 0.141667
0 0.297135 0.042130 0.021354 0.084259
0 0.128906 0.385185 0.027604 0.168519
0 0.264583 0.592130 0.033333 0.208333
0 0.221615 0.579630 0.046354 0.218519
0 0.294271 0.135648 0.026042 0.152778
0 0.185156 0.124074 0.028646 0.151852
0 0.203646 0.179630 0.027083 0.162963
0 0.552604 0.486574 0.034375 0.180556
0 0.163021 0.198611 0.027083 0.156481
0 0.196875 0.165278 0.025000 0.154630
0 0.122656 0.202315 0.031771 0.145370
0 0.130208 0.183796 0.026042 0.169444
0 0.147656 0.155556 0.028646 0.161111
0 0.151562 0.142593 0.028125 0.153704
0 0.117708 0.174074 0.020833 0.159259
0 0.449740 0.047222 0.026562 0.094444
0 0.236198 0.143519 0.029687 0.159259
0 0.242448 0.406944 0.043229 0.200926
0 0.965104 0.535185 0.034375 0.194444
0 0.832812 0.022685 0.025000 0.045370
0 0.927865 0.155556 0.032813 0.148148
0 0.976823 0.130556 0.025521 0.153704
0 0.861198 0.073148 0.035937 0.146296
0 0.257292 0.965278 0.053125 0.067593
0 0.275521 0.927315 0.045833 0.143519
0 0.231510 0.037963 0.024479 0.075926
0 0.208333 0.039352 0.021875 0.078704
0 0.721354 0.015278 0.031250 0.030556
0 0.651302 0.076389 0.034896 0.084259
