0 0.435417 0.570833 0.054167 0.334259
0 0.557292 0.498148 0.019792 0.101852
0 0.575781 0.500463 0.019271 0.104630
0 0.611979 0.461574 0.019792 0.091667
0 0.528125 0.457870 0.018750 0.091667
0 0.580469 0.455093 0.020313 0.100926
0 0.514062 0.460648 0.018750 0.104630
0 0.354167 0.619907 0.100000 0.456481
0 0.499479 0.552315 0.052083 0.282407
0 0.372656 0.579630 0.067187 0.333333
0 0.250521 0.480556 0.018750 0.100000
0 0.273438 0.471296 0.017708 0.098148
0 0.261979 0.471759 0.015625 0.095370
0 0.225260 0.481944 0.025521 0.095370
0 0.251823 0.462500 0.016146 0.076852
0 0.310677 0.491667 0.027604 0.138889
0 0.532031 0.526852 0.055729 0.250000
0 0.611458 0.462037 0.016667 0.083333
0 0.499219 0.470370 0.019271 0.122222
0 0.309375 0.449537 0.010417 0.056481
0 0.317188 0.456481 0.013542 0.061111
0 0.302344 0.458333 0.010937 0.061111
0 0.291406 0.452778 0.013021 0.066667
0 0.314063 0.452778 0.011458 0.061111
0 0.276302 0.454167 0.015104 0.060185
0 0.503125 0.454167 0.016667 0.089815
0 0.309896 0.411574 0.010417 0.039815
0 0.315625 0.411111 0.009375 0.038889
0 0.500000 0.455093 0.011458 0.065741
0 0.286979 0.445370 0.011458 0.050000
