0 0.781771 0.657407 0.046875 0.229630
0 0.256250 0.218519 0.037500 0.188889
0 0.145313 0.652778 0.050000 0.235185
0 0.915625 0.519907 0.040625 0.193519
0 0.509115 0.923611 0.043229 0.150926
0 0.350260 0.820833 0.038021 0.230556
0 0.429427 0.218519 0.030729 0.161111
0 0.777083 0.088889 0.028125 0.133333
0 0.579427 0.158796 0.026562 0.147222
0 0.543750 0.169907 0.031250 0.167593
0 0.280729 0.178241 0.025000 0.158333
0 0.504167 0.147222 0.032292 0.162963
0 0.069531 0.410648 0.025521 0.173148
0 0.052083 0.392593 0.041667 0.187037
0 0.448437 0.462037 0.047917 0.200000
0 0.482031 0.463426 0.040104 0.178704
0 0.444010 0.173148 0.033854 0.142593
0 0.401042 0.172685 0.023958 0.156481
0 0.380469 0.073611 0.026562 0.147222
0 0.297135 0.042130 0.021354 0.084259
0 0.139063 0.467593 0.030208 0.181481
0 0.298698 0.495833 0.033854 0.195370
0 0.257292 0.492593 0.032292 0.209259
0 0.275521 0.011111 0.026042 0.022222
0 0.250781 0.013426 0.023438 0.026852
0 0.294010 0.136574 0.023438 0.154630
0 0.178646 0.122685 0.027083 0.149074
0 0.197917 0.182870 0.026042 0.162037
0 0.429167 0.411111 0.032292 0.170370
0 0.162500 0.200000 0.027083 0.157407
0 0.189583 0.165278 0.022917 0.162037
0 0.128906 0.195370 0.027604 0.148148
0 0.140104 0.176852 0.023958 0.170370
0 0.159375 0.165278 0.028125 0.141667
0 0.152083 0.142593 0.028125 0.153704
0 0.117188 0.174074 0.020833 0.159259
0 0.460938 0.029167 0.018750 0.058333
0 0.223958 0.095833 0.029167 0.150926
0 0.221875 0.506944 0.040625 0.210185
0 0.979948 0.612500 0.033854 0.202778
0 0.885938 0.105093 0.029167 0.141667
0 0.812500 0.031944 0.026042 0.063889
0 0.178385 0.880556 0.050521 0.237037
0 0.190104 0.815278 0.043750 0.241667
0 0.226562 0.018981 0.021875 0.037963
0 0.202604 0.018981 0.022917 0.037963
0 0.718750 0.015741 0.028125 0.031481
0 0.650781 0.076852 0.035937 0.085185
