0 0.945833 0.634722 0.107292 0.728704
0 0.461458 0.457407 0.037500 0.161111
0 0.388021 0.434259 0.025000 0.116667
0 0.287240 0.426389 0.018229 0.089815
0 0.013542 0.465278 0.027083 0.197222
0 0.225000 0.434259 0.032292 0.124074
0 0.365625 0.425926 0.021875 0.107407
0 0.364063 0.424537 0.017708 0.089815
0 0.045312 0.461574 0.030208 0.134259
0 0.440625 0.430093 0.020833 0.113889
0 0.395052 0.428704 0.017188 0.103704
0 0.177344 0.423611 0.018229 0.084259
0 0.166146 0.429630 0.014583 0.074074
0 0.154948 0.421759 0.009896 0.054630
0 0.318750 0.414352 0.013542 0.063889
