0 0.845573 0.651852 0.034896 0.216667
0 0.250521 0.075000 0.033333 0.150000
0 0.434635 0.671296 0.040104 0.235185
0 0.915365 0.519907 0.041146 0.197222
0 0.558333 0.931944 0.043750 0.134259
0 0.351042 0.816667 0.036458 0.231481
0 0.422917 0.213889 0.033333 0.157407
0 0.529687 0.050000 0.027083 0.100000
0 0.497917 0.047222 0.028125 0.094444
0 0.320833 0.129167 0.018750 0.136111
0 0.107031 0.374537 0.033854 0.176852
0 0.078646 0.352778 0.027083 0.194444
0 0.541927 0.812963 0.065104 0.238889
0 0.573177 0.820370 0.042188 0.222222
0 0.405208 0.148611 0.023958 0.137963
0 0.418750 0.152778 0.027083 0.155556
0 0.297135 0.041667 0.021354 0.083333
0 0.215885 0.218519 0.027604 0.151852
0 0.156250 0.893519 0.041667 0.211111
0 0.127604 0.873611 0.050000 0.250926
0 0.285938 0.179630 0.031250 0.159259
0 0.165885 0.114352 0.024479 0.150926
0 0.200521 0.182870 0.027083 0.162037
0 0.963802 0.725463 0.043229 0.199074
0 0.163802 0.193519 0.026562 0.157407
0 0.199479 0.167130 0.023958 0.162037
0 0.128646 0.200000 0.031250 0.146296
0 0.127344 0.182870 0.027604 0.160185
0 0.163021 0.163426 0.029167 0.160185
0 0.148958 0.146759 0.026042 0.145370
0 0.117708 0.174074 0.020833 0.159259
0 0.471094 0.051389 0.025521 0.102778
0 0.217708 0.278241 0.031250 0.176852
0 0.254688 0.182870 0.034375 0.167593
0 0.895052 0.362500 0.038021 0.182407
0 0.839844 0.341667 0.028646 0.172222
0 0.789323 0.065741 0.028646 0.131481
0 0.942187 0.289815 0.036458 0.161111
0 0.877344 0.075000 0.026562 0.148148
0 0.846875 0.073611 0.028125 0.147222
0 0.991667 0.316204 0.015625 0.178704
0 0.223698 0.112037 0.024479 0.150000
0 0.199219 0.117593 0.025521 0.138889
0 0.201302 0.016204 0.023438 0.032407
0 0.250000 0.023611 0.020833 0.047222
0 0.219531 0.029167 0.026562 0.058333
0 0.270573 0.020370 0.023438 0.040741
