0 0.567708 0.594444 0.083333 0.416667
0 0.557552 0.498611 0.020313 0.097222
0 0.575781 0.500000 0.020313 0.103704
0 0.591667 0.461574 0.019792 0.091667
0 0.515104 0.452315 0.014583 0.073148
0 0.581771 0.455093 0.019792 0.100926
0 0.517708 0.467130 0.018750 0.104630
0 0.552083 0.669444 0.079167 0.590741
0 0.793490 0.594444 0.081771 0.388889
0 0.470833 0.625463 0.079167 0.456481
0 0.213281 0.483333 0.020313 0.103704
0 0.274479 0.471296 0.016667 0.100000
0 0.243229 0.472222 0.015625 0.096296
0 0.224740 0.481944 0.024479 0.093519
0 0.219271 0.466204 0.015625 0.076852
0 0.396094 0.505093 0.049479 0.180556
0 0.774219 0.559259 0.076563 0.344444
0 0.835677 0.541667 0.092188 0.296296
0 0.704167 0.460648 0.021875 0.097222
0 0.601042 0.463889 0.025000 0.100000
0 0.423958 0.450000 0.014583 0.064815
0 0.418750 0.449074 0.013542 0.070370
0 0.327604 0.453241 0.010417 0.054630
0 0.342448 0.451852 0.011979 0.055556
0 0.267969 0.466667 0.011979 0.074074
0 0.309115 0.454630 0.010937 0.057407
0 0.297917 0.455093 0.013542 0.056481
0 0.294271 0.450000 0.010417 0.057407
0 0.316406 0.450000 0.011979 0.051852
0 0.307292 0.450000 0.011458 0.059259
0 0.283073 0.450926 0.010937 0.055556
0 0.530208 0.457407 0.015625 0.077778
0 0.315104 0.425463 0.010417 0.039815
