0 0.415365 0.561574 0.057813 0.317593
0 0.557552 0.498148 0.020313 0.101852
0 0.576042 0.500463 0.018750 0.104630
0 0.628125 0.460648 0.019792 0.091667
0 0.530208 0.457870 0.018750 0.091667
0 0.578385 0.455556 0.020313 0.100000
0 0.510677 0.458796 0.018229 0.104630
0 0.321354 0.607407 0.084375 0.433333
0 0.461979 0.545370 0.043750 0.264815
0 0.356510 0.576852 0.063021 0.324074
0 0.253646 0.480556 0.016667 0.100000
0 0.271094 0.470370 0.018229 0.098148
0 0.261458 0.471759 0.015625 0.095370
0 0.223438 0.481481 0.032292 0.094444
0 0.252865 0.462500 0.016146 0.076852
0 0.313542 0.489815 0.022917 0.133333
0 0.496875 0.522685 0.040625 0.232407
0 0.599479 0.461574 0.016667 0.082407
0 0.467448 0.466667 0.020313 0.116667
0 0.307812 0.449537 0.010417 0.056481
0 0.318490 0.456944 0.013021 0.062037
0 0.304427 0.458796 0.010937 0.062037
0 0.294531 0.454167 0.013021 0.067593
0 0.316406 0.453704 0.011979 0.062963
0 0.278125 0.453704 0.015625 0.062963
0 0.493750 0.452315 0.015625 0.087963
0 0.309896 0.410648 0.010417 0.039815
0 0.315625 0.411111 0.009375 0.038889
0 0.504948 0.452315 0.011979 0.065741
0 0.288542 0.445370 0.011458 0.050000
