0 0.689063 0.633796 0.092708 0.493519
0 0.589323 0.475000 0.023438 0.144444
0 0.575781 0.500000 0.023438 0.101852
0 0.486719 0.444907 0.013021 0.058333
0 0.265104 0.674537 0.200000 0.649074
0 0.561458 0.456944 0.019792 0.100926
0 0.527344 0.458796 0.018229 0.091667
0 0.683073 0.685648 0.155729 0.621296
0 0.612240 0.642593 0.079687 0.503704
0 0.210156 0.481481 0.026562 0.105556
0 0.232031 0.473148 0.018229 0.101852
0 0.227344 0.473148 0.015104 0.100000
0 0.226823 0.480556 0.022396 0.094444
0 0.226042 0.463426 0.016667 0.076852
0 0.452344 0.517130 0.041146 0.280556
0 0.447396 0.522685 0.057292 0.241667
0 0.376042 0.544444 0.071875 0.270370
0 0.313542 0.533333 0.067708 0.261111
0 0.765625 0.560185 0.081250 0.331481
0 0.420312 0.475463 0.028125 0.132407
0 0.634896 0.456481 0.017708 0.081481
0 0.543750 0.457870 0.015625 0.075000
0 0.533594 0.454167 0.014063 0.075000
0 0.332552 0.460648 0.017188 0.076852
0 0.385677 0.454630 0.014063 0.072222
0 0.298177 0.454630 0.015104 0.068519
0 0.279948 0.457870 0.013021 0.063889
0 0.251302 0.462037 0.014063 0.070370
0 0.281771 0.452778 0.009375 0.055556
0 0.310937 0.448611 0.009375 0.045370
0 0.312240 0.443056 0.008854 0.045370
0 0.311719 0.443981 0.009896 0.045370
0 0.537760 0.453704 0.014063 0.072222
0 0.586719 0.462037 0.018229 0.092593
