0 0.622396 0.610648 0.083333 0.484259
0 0.568490 0.489815 0.021354 0.112963
0 0.575781 0.499537 0.022396 0.102778
0 0.496875 0.449074 0.013542 0.068519
0 0.583854 0.455093 0.019792 0.102778
0 0.523438 0.462963 0.018750 0.098148
0 0.617708 0.655556 0.115625 0.561111
0 0.541146 0.629167 0.067708 0.476852
0 0.209375 0.481481 0.027083 0.103704
0 0.253906 0.470833 0.018229 0.100926
0 0.228646 0.472222 0.015625 0.100000
0 0.225781 0.481019 0.022396 0.095370
0 0.222917 0.464352 0.016667 0.076852
0 0.322656 0.545833 0.076563 0.330556
0 0.226042 0.547222 0.071875 0.281481
0 0.165885 0.579630 0.067187 0.331481
0 0.056771 0.573611 0.106250 0.339815
0 0.563281 0.527778 0.045312 0.251852
0 0.505990 0.490741 0.032813 0.175926
0 0.661458 0.457407 0.019792 0.088889
0 0.504167 0.454630 0.011458 0.068519
0 0.485417 0.450000 0.013542 0.070370
0 0.332813 0.455556 0.014583 0.066667
0 0.375781 0.451389 0.013021 0.062037
0 0.282292 0.454167 0.012500 0.060185
0 0.273438 0.456019 0.012500 0.062037
0 0.263802 0.462037 0.011979 0.075926
0 0.281250 0.450463 0.009375 0.049074
0 0.308854 0.450000 0.010417 0.050000
0 0.299479 0.451852 0.009375 0.053704
0 0.315365 0.446759 0.009896 0.049074
0 0.309896 0.445370 0.010417 0.050000
0 0.291406 0.449537 0.009896 0.052778
0 0.535677 0.454167 0.014063 0.069444
0 0.586719 0.462037 0.018229 0.092593
