0 0.561198 0.596759 0.081771 0.413889
0 0.557552 0.498611 0.020313 0.097222
0 0.575781 0.500000 0.020313 0.103704
0 0.591667 0.462500 0.019792 0.091667
0 0.515885 0.452778 0.015104 0.074074
0 0.581771 0.455093 0.019792 0.100926
0 0.517448 0.466667 0.018229 0.105556
0 0.544792 0.670833 0.083333 0.591667
0 0.770312 0.594444 0.105208 0.381481
0 0.465625 0.625926 0.073958 0.455556
0 0.214323 0.482407 0.020313 0.103704
0 0.274479 0.471296 0.016667 0.100000
0 0.245833 0.472222 0.015625 0.096296
0 0.224740 0.481944 0.024479 0.093519
0 0.221875 0.465741 0.015625 0.075926
0 0.382292 0.502778 0.036458 0.179630
0 0.761198 0.557870 0.083854 0.337963
0 0.861458 0.536574 0.061458 0.312037
0 0.697396 0.460185 0.025000 0.096296
0 0.592187 0.462963 0.025000 0.100000
0 0.420312 0.451389 0.014583 0.065741
0 0.416667 0.449074 0.013542 0.070370
0 0.325000 0.451389 0.010417 0.054630
0 0.338802 0.451852 0.013021 0.055556
0 0.267448 0.466667 0.011979 0.074074
0 0.309635 0.454630 0.010937 0.057407
0 0.297917 0.455556 0.011458 0.057407
0 0.293750 0.450463 0.010417 0.058333
0 0.316406 0.450463 0.011979 0.052778
0 0.306771 0.450000 0.011458 0.059259
0 0.283073 0.450000 0.010937 0.053704
0 0.528646 0.457870 0.015625 0.078704
0 0.315104 0.424537 0.010417 0.039815
0 0.320312 0.421296 0.009375 0.038889
