0 0.844792 0.654630 0.048958 0.214815
0 0.260417 0.041667 0.031250 0.083333
0 0.270052 0.608333 0.045312 0.222222
0 0.915625 0.518981 0.050000 0.193519
0 0.496354 0.928704 0.038542 0.140741
0 0.351042 0.816667 0.036458 0.231481
0 0.433333 0.213426 0.033333 0.156481
0 0.507812 0.018519 0.025000 0.037037
0 0.480990 0.018981 0.027604 0.037963
0 0.334896 0.126389 0.019792 0.130556
0 0.153646 0.305093 0.030208 0.169444
0 0.125260 0.299074 0.028646 0.187037
0 0.610156 0.944444 0.052604 0.109259
0 0.636719 0.950000 0.041146 0.098148
0 0.402865 0.146759 0.022396 0.141667
0 0.404427 0.122222 0.026562 0.157407
0 0.297917 0.040741 0.022917 0.081481
0 0.266406 0.131019 0.023438 0.143519
0 0.193229 0.982407 0.052083 0.033333
0 0.299740 0.185648 0.031771 0.160185
0 0.159115 0.068056 0.026562 0.136111
0 0.200260 0.183333 0.025521 0.159259
0 0.163021 0.193056 0.025000 0.156481
0 0.198177 0.163889 0.025521 0.159259
0 0.132812 0.198611 0.023958 0.147222
0 0.122135 0.181019 0.026562 0.167593
0 0.151302 0.166204 0.028646 0.162037
0 0.157031 0.144444 0.027604 0.151852
0 0.118229 0.174074 0.020833 0.159259
0 0.471094 0.037963 0.025521 0.075926
0 0.193229 0.390741 0.034375 0.190741
0 0.258854 0.083796 0.031250 0.154630
0 0.794010 0.937500 0.045312 0.123148
0 0.749479 0.945370 0.039583 0.107407
0 0.860156 0.259259 0.032813 0.170370
0 0.800521 0.248148 0.028125 0.162963
0 0.786458 0.071296 0.030208 0.131481
0 0.826042 0.036574 0.027083 0.073148
0 0.785937 0.032870 0.026042 0.065741
0 0.254948 0.173148 0.023438 0.161111
0 0.233594 0.178704 0.027604 0.140741
0 0.184115 0.050000 0.024479 0.100000
0 0.230469 0.068981 0.029687 0.137963
0 0.198437 0.063426 0.026042 0.126852
0 0.235156 0.056944 0.023438 0.113889
0 0.846875 0.012500 0.015625 0.025000
0 0.637760 0.057407 0.026562 0.114815
