0 0.845052 0.654630 0.049479 0.214815
0 0.249479 0.032870 0.031250 0.065741
0 0.222917 0.605093 0.054167 0.228704
0 0.916927 0.518519 0.051562 0.192593
0 0.459635 0.928241 0.039062 0.141667
0 0.351042 0.816667 0.036458 0.231481
0 0.433333 0.213889 0.032292 0.157407
0 0.498958 0.011111 0.025000 0.022222
0 0.338542 0.125926 0.020833 0.129630
0 0.163542 0.288889 0.029167 0.164815
0 0.137240 0.285185 0.031771 0.181481
0 0.588281 0.979167 0.052604 0.039815
0 0.635417 0.981944 0.048958 0.034259
0 0.402865 0.145370 0.024479 0.140741
0 0.403646 0.124074 0.027083 0.157407
0 0.298438 0.040741 0.023958 0.081481
0 0.263021 0.105093 0.022917 0.134259
0 0.305729 0.183333 0.025000 0.162963
0 0.169531 0.060185 0.026562 0.120370
0 0.200000 0.183333 0.025000 0.159259
0 0.163021 0.193519 0.025000 0.155556
0 0.194531 0.168981 0.026562 0.156481
0 0.129688 0.199074 0.028125 0.148148
0 0.122135 0.181019 0.026562 0.167593
0 0.150000 0.168056 0.029167 0.162037
0 0.156771 0.141667 0.027083 0.151852
0 0.118229 0.174074 0.020833 0.159259
0 0.472917 0.032407 0.026042 0.064815
0 0.181510 0.425000 0.035937 0.196296
0 0.256510 0.065741 0.027604 0.131481
0 0.744271 0.897222 0.051042 0.203704
0 0.697396 0.908333 0.043750 0.181481
0 0.863281 0.229630 0.038021 0.170370
0 0.790104 0.228704 0.027083 0.159259
0 0.786458 0.071296 0.030208 0.131481
0 0.813021 0.026389 0.027083 0.052778
0 0.770052 0.020833 0.025521 0.041667
0 0.263021 0.197685 0.022917 0.163889
0 0.234896 0.202315 0.036458 0.150926
0 0.158073 0.053704 0.027604 0.107407
0 0.225000 0.081481 0.028125 0.148148
0 0.196615 0.077315 0.025521 0.141667
0 0.229687 0.070370 0.022917 0.140741
0 0.842448 0.016667 0.021354 0.033333
0 0.586979 0.046759 0.035417 0.093519
