0 0.638021 0.616204 0.090625 0.473148
0 0.579948 0.481944 0.022396 0.130556
0 0.575521 0.499537 0.022917 0.102778
0 0.490625 0.449074 0.013542 0.064815
0 0.954688 0.660648 0.089583 0.676852
0 0.578646 0.455093 0.019792 0.102778
0 0.527344 0.458796 0.018229 0.095370
0 0.602604 0.672222 0.102083 0.601852
0 0.555729 0.632870 0.073958 0.484259
0 0.210156 0.481944 0.026562 0.104630
0 0.240885 0.472685 0.019271 0.102778
0 0.227083 0.473148 0.015625 0.100000
0 0.226302 0.481019 0.022396 0.095370
0 0.224479 0.463426 0.016667 0.076852
0 0.406771 0.527315 0.059375 0.299074
0 0.355469 0.531481 0.071354 0.257407
0 0.297396 0.556019 0.046875 0.295370
0 0.215365 0.551852 0.076563 0.298148
0 0.655469 0.542593 0.060937 0.288889
0 0.451042 0.479167 0.028125 0.150926
0 0.646094 0.457407 0.018229 0.087037
0 0.522656 0.457870 0.016146 0.075000
0 0.512240 0.452315 0.013021 0.071296
0 0.331250 0.458796 0.014583 0.071296
0 0.382031 0.451852 0.013021 0.066667
0 0.289844 0.454630 0.013021 0.066667
0 0.277083 0.456019 0.012500 0.062037
0 0.256771 0.461111 0.013542 0.074074
0 0.280990 0.450000 0.009896 0.050000
0 0.309896 0.448148 0.009375 0.046296
0 0.300781 0.449537 0.008854 0.050926
0 0.314583 0.444907 0.009375 0.047222
0 0.311458 0.443981 0.010417 0.047222
0 0.535937 0.454630 0.014583 0.072222
0 0.586719 0.462037 0.018229 0.092593
