0 0.951562 0.651389 0.095833 0.563889
0 0.590625 0.469444 0.018750 0.144444
0 0.572135 0.471296 0.021354 0.114815
0 0.519531 0.455093 0.018229 0.087963
0 0.530469 0.464352 0.020313 0.099074
0 0.490625 0.458333 0.017708 0.090741
0 0.895312 0.686574 0.141667 0.625000
0 0.211198 0.481019 0.024479 0.104630
0 0.229687 0.472685 0.015625 0.097222
0 0.228385 0.473148 0.015104 0.100000
0 0.227865 0.480093 0.022396 0.093519
0 0.230208 0.461574 0.017708 0.076852
0 0.557031 0.513889 0.067187 0.264815
0 0.618229 0.513889 0.047917 0.222222
0 0.611458 0.537037 0.054167 0.257407
0 0.498958 0.515278 0.044792 0.230556
0 0.344271 0.470833 0.018750 0.100926
0 0.645573 0.461111 0.024479 0.098148
0 0.627344 0.458333 0.020313 0.098148
0 0.354948 0.465741 0.022396 0.092593
0 0.383854 0.460648 0.018750 0.091667
0 0.312500 0.461111 0.017708 0.075926
0 0.293750 0.462500 0.013542 0.075000
0 0.240365 0.461111 0.010937 0.066667
0 0.277344 0.448611 0.014063 0.052778
0 0.289062 0.460648 0.011458 0.069444
0 0.309635 0.431481 0.009896 0.042593
0 0.311198 0.443519 0.009896 0.044444
0 0.297917 0.424537 0.006250 0.028704
0 0.302865 0.420370 0.006771 0.029630
0 0.405208 0.444444 0.013542 0.053704
0 0.553125 0.459259 0.015625 0.083333
