0 0.846354 0.654630 0.052083 0.214815
0 0.358073 0.650000 0.041146 0.229630
0 0.916146 0.517130 0.039583 0.195370
0 0.490104 0.933333 0.043750 0.131481
0 0.351042 0.816667 0.036458 0.231481
0 0.433333 0.208796 0.039583 0.158333
0 0.337240 0.125463 0.020313 0.128704
0 0.195052 0.236111 0.025521 0.155556
0 0.174479 0.239352 0.035417 0.176852
0 0.405469 0.141204 0.027604 0.147222
0 0.399219 0.116667 0.027604 0.155556
0 0.301302 0.038889 0.027604 0.077778
0 0.277344 0.016204 0.022396 0.032407
0 0.306250 0.188426 0.030208 0.158333
0 0.174740 0.059259 0.023438 0.118519
0 0.200000 0.177778 0.025000 0.159259
0 0.163021 0.193981 0.026042 0.154630
0 0.195052 0.161111 0.024479 0.161111
0 0.137760 0.199537 0.026562 0.154630
0 0.126823 0.180556 0.024479 0.170370
0 0.142708 0.164815 0.025000 0.161111
0 0.176042 0.150000 0.026042 0.150000
0 0.118750 0.169444 0.020833 0.159259
0 0.467187 0.024074 0.026042 0.048148
0 0.167708 0.703241 0.043750 0.228704
0 0.532031 0.539815 0.033854 0.211111
0 0.485417 0.555556 0.036458 0.211111
0 0.739062 0.948611 0.050000 0.100926
0 0.941146 0.741204 0.055208 0.213889
0 0.979167 0.701389 0.040625 0.236111
0 0.795573 0.073148 0.027604 0.144444
0 0.752083 0.081944 0.026042 0.141667
0 0.895052 0.123611 0.026562 0.154630
0 0.835417 0.093056 0.028125 0.136111
0 0.785417 0.145370 0.030208 0.142593
0 0.580729 0.067593 0.030208 0.135185
0 0.432812 0.011574 0.019792 0.023148
0 0.395052 0.032870 0.022396 0.065741
0 0.260937 0.060185 0.022917 0.120370
0 0.237500 0.375000 0.028125 0.188889
0 0.195573 0.378241 0.042188 0.163889
0 0.211719 0.131019 0.025521 0.152778
0 0.225781 0.034722 0.029687 0.069444
0 0.210938 0.020833 0.021875 0.041667
0 0.145833 0.055556 0.027083 0.111111
0 0.264323 0.236111 0.030729 0.170370
0 0.227865 0.228704 0.029687 0.161111
0 0.259635 0.213889 0.029687 0.153704
0 0.409375 0.030556 0.022917 0.061111
