0 0.359115 0.546296 0.051562 0.277778
0 0.558073 0.498148 0.019271 0.101852
0 0.576042 0.500926 0.017708 0.105556
0 0.664844 0.459722 0.018229 0.091667
0 0.533073 0.459722 0.020313 0.099074
0 0.580208 0.456481 0.019792 0.100000
0 0.495052 0.455556 0.022396 0.105556
0 0.316146 0.572685 0.059375 0.323148
0 0.406771 0.526852 0.042708 0.212963
0 0.296875 0.553704 0.048958 0.277778
0 0.275781 0.475463 0.018229 0.086111
0 0.266667 0.470370 0.015625 0.096296
0 0.249219 0.480556 0.022396 0.092593
0 0.232552 0.462037 0.018229 0.077778
0 0.317188 0.483796 0.021875 0.125000
0 0.401042 0.508796 0.036458 0.189815
0 0.563542 0.456019 0.016667 0.071296
0 0.374479 0.479630 0.019792 0.116667
0 0.321875 0.460185 0.013542 0.066667
0 0.300781 0.454630 0.011979 0.068519
0 0.323177 0.456019 0.011979 0.067593
0 0.308333 0.411574 0.010417 0.039815
0 0.314583 0.411111 0.009375 0.038889
0 0.530208 0.449537 0.012500 0.063889
0 0.518490 0.457870 0.010937 0.039815
0 0.407292 0.460185 0.016667 0.088889
