0 0.809896 0.565278 0.106250 0.373148
0 0.328646 0.535185 0.045833 0.248148
0 0.856771 0.564352 0.098958 0.336111
0 0.558854 0.498148 0.018750 0.101852
0 0.576042 0.500926 0.016667 0.105556
0 0.662760 0.460185 0.017188 0.092593
0 0.538542 0.457407 0.020833 0.107407
0 0.582812 0.457407 0.019792 0.100000
0 0.496615 0.455556 0.022396 0.105556
0 0.264844 0.543981 0.065104 0.265741
0 0.352083 0.513889 0.034375 0.175926
0 0.746094 0.462963 0.028646 0.118519
0 0.806771 0.461574 0.027083 0.113889
0 0.275260 0.541204 0.046354 0.230556
0 0.294010 0.472685 0.018229 0.086111
0 0.228125 0.463889 0.020833 0.077778
0 0.311719 0.484259 0.018229 0.124074
0 0.523438 0.456019 0.016667 0.071296
0 0.342187 0.481019 0.019792 0.121296
0 0.306250 0.417130 0.010417 0.039815
0 0.314583 0.413889 0.009375 0.038889
0 0.543229 0.447222 0.012500 0.062963
0 0.363542 0.456944 0.017708 0.078704
