0 0.488021 0.429630 0.036458 0.159259
0 0.430729 0.410185 0.026042 0.120370
0 0.365365 0.403704 0.019271 0.103704
0 0.965885 0.574537 0.067187 0.521296
0 0.026302 0.451389 0.052604 0.217593
0 0.244792 0.418056 0.030208 0.130556
0 0.415625 0.405556 0.020833 0.107407
0 0.427344 0.403704 0.020313 0.098148
0 0.115885 0.428241 0.029687 0.134259
0 0.517708 0.405093 0.027083 0.136111
0 0.464323 0.398611 0.016146 0.102778
0 0.229427 0.407407 0.017188 0.092593
0 0.216406 0.406481 0.013021 0.075926
0 0.249479 0.412500 0.017708 0.087963
0 0.219271 0.398611 0.011458 0.054630
0 0.378125 0.390278 0.013542 0.063889
0 0.038802 0.396759 0.010937 0.065741
0 0.064844 0.419444 0.017188 0.094444
0 0.060156 0.406481 0.011979 0.059259
