0 0.606250 0.508333 0.153125 0.591667
0 0.571875 0.468750 0.056250 0.241667
0 0.081250 0.448958 0.034375 0.193750
0 0.118750 0.439583 0.071875 0.241667
0 0.119531 0.459375 0.073438 0.285417
0 0.263281 0.459375 0.089063 0.343750
0 0.510156 0.447917 0.035937 0.129167
0 0.817969 0.478125 0.320312 0.835417
0 0.875781 0.468750 0.245312 0.816667
0 0.143750 0.444792 0.043750 0.202083
0 0.167187 0.451042 0.050000 0.202083
0 0.877344 0.498958 0.242188 0.997917
0 0.407031 0.492708 0.179688 0.589583
0 0.296094 0.440625 0.032813 0.097917
