0 0.797396 0.562037 0.081250 0.370370
0 0.328385 0.534722 0.045312 0.247222
0 0.850000 0.560648 0.089583 0.334259
0 0.558854 0.498148 0.018750 0.101852
0 0.576042 0.500926 0.016667 0.105556
0 0.662760 0.460185 0.017188 0.092593
0 0.538542 0.456481 0.020833 0.107407
0 0.582812 0.457407 0.019792 0.100000
0 0.496875 0.455556 0.021875 0.105556
0 0.264062 0.543981 0.064583 0.263889
0 0.351042 0.512963 0.033333 0.175926
0 0.742448 0.462963 0.030729 0.116667
0 0.804948 0.462500 0.026562 0.113889
0 0.274219 0.541204 0.046354 0.230556
0 0.294010 0.472685 0.018229 0.086111
0 0.228125 0.463889 0.020833 0.077778
0 0.311719 0.483333 0.018229 0.124074
0 0.521875 0.456944 0.016667 0.071296
0 0.342187 0.480556 0.019792 0.120370
0 0.306250 0.417130 0.010417 0.039815
0 0.314583 0.414815 0.009375 0.038889
0 0.544271 0.448148 0.012500 0.062963
0 0.362500 0.456944 0.017708 0.078704
