0 0.469271 0.437037 0.035417 0.157407
0 0.411198 0.414352 0.024479 0.117593
0 0.343229 0.418056 0.018750 0.099074
0 0.951042 0.605093 0.096875 0.523148
0 0.018229 0.457870 0.036458 0.217593
0 0.220833 0.421296 0.033333 0.131481
0 0.395313 0.414815 0.020833 0.107407
0 0.403906 0.409259 0.018229 0.096296
0 0.089063 0.436574 0.030208 0.134259
0 0.492708 0.412500 0.028125 0.134259
0 0.440885 0.409722 0.016146 0.102778
0 0.205469 0.413889 0.017188 0.088889
0 0.197396 0.418056 0.013542 0.075000
0 0.229167 0.419907 0.017708 0.087963
0 0.195833 0.404630 0.011458 0.053704
0 0.354687 0.396296 0.013542 0.064815
0 0.035937 0.426852 0.017708 0.098148
0 0.035156 0.415741 0.011979 0.059259
