0 0.515104 0.587500 0.068750 0.387963
0 0.557552 0.499537 0.020313 0.097222
0 0.575781 0.500000 0.020313 0.103704
0 0.591667 0.462500 0.019792 0.091667
0 0.521615 0.455556 0.017188 0.085185
0 0.581771 0.455093 0.019792 0.100926
0 0.514583 0.463889 0.018750 0.105556
0 0.476302 0.648611 0.130729 0.541667
0 0.628125 0.575463 0.075000 0.332407
0 0.429688 0.605093 0.073958 0.402778
0 0.230469 0.481481 0.021354 0.101852
0 0.276042 0.469907 0.016667 0.100926
0 0.256510 0.471759 0.016146 0.095370
0 0.225000 0.482407 0.025000 0.092593
0 0.248958 0.463889 0.015625 0.075926
0 0.338802 0.500000 0.030729 0.166667
0 0.648438 0.542593 0.063542 0.294444
0 0.654167 0.461574 0.023958 0.093519
0 0.565625 0.466204 0.020833 0.106481
0 0.394010 0.451389 0.009896 0.063889
0 0.401823 0.450926 0.009896 0.068519
0 0.315625 0.450000 0.010417 0.055556
0 0.320312 0.450926 0.009375 0.055556
0 0.267188 0.466667 0.011458 0.075926
0 0.313802 0.454630 0.010937 0.057407
0 0.300781 0.456481 0.009896 0.057407
0 0.292448 0.451389 0.011979 0.060185
0 0.320052 0.452315 0.011979 0.052778
0 0.307292 0.450000 0.011458 0.059259
0 0.278125 0.452778 0.014583 0.057407
0 0.521354 0.457407 0.016667 0.087037
0 0.311458 0.418056 0.010417 0.039815
0 0.317188 0.414815 0.009375 0.038889
