0 0.684115 0.629630 0.092188 0.492593
0 0.588802 0.475463 0.023438 0.143519
0 0.575521 0.499537 0.022917 0.102778
0 0.486719 0.444907 0.013021 0.058333
0 0.296354 0.678704 0.200000 0.640741
0 0.562500 0.456481 0.019792 0.101852
0 0.527344 0.458796 0.018229 0.091667
0 0.678906 0.684259 0.149479 0.620370
0 0.604427 0.640278 0.086979 0.499074
0 0.210156 0.481481 0.026562 0.105556
0 0.232031 0.473148 0.018229 0.101852
0 0.227083 0.473148 0.015625 0.100000
0 0.226823 0.480556 0.022396 0.094444
0 0.225781 0.463426 0.017188 0.076852
0 0.450521 0.517130 0.043750 0.280556
0 0.442708 0.523148 0.052083 0.242593
0 0.374479 0.545370 0.066667 0.272222
0 0.308854 0.534259 0.065625 0.262963
0 0.757812 0.556481 0.076042 0.327778
0 0.422135 0.475000 0.028646 0.133333
0 0.635677 0.456481 0.018229 0.081481
0 0.542188 0.456944 0.015625 0.075000
0 0.531771 0.453241 0.013542 0.076852
0 0.332552 0.460648 0.017188 0.076852
0 0.385677 0.454630 0.014063 0.072222
0 0.297396 0.454630 0.014583 0.068519
0 0.279948 0.457870 0.013021 0.063889
0 0.251823 0.462037 0.014063 0.070370
0 0.281771 0.452315 0.009375 0.054630
0 0.310937 0.448611 0.009375 0.045370
0 0.312760 0.443056 0.008854 0.045370
0 0.311719 0.443981 0.009896 0.045370
0 0.538021 0.453704 0.013542 0.072222
0 0.586719 0.462037 0.018229 0.092593
