0 0.846615 0.654630 0.052604 0.214815
0 0.365104 0.645833 0.045833 0.226852
0 0.916146 0.518981 0.039583 0.195370
0 0.497917 0.934259 0.041667 0.129630
0 0.351042 0.816667 0.036458 0.231481
0 0.431771 0.208333 0.037500 0.157407
0 0.337240 0.125463 0.020313 0.128704
0 0.195833 0.235185 0.027083 0.153704
0 0.177865 0.240278 0.029687 0.176852
0 0.404948 0.140741 0.029687 0.144444
0 0.400521 0.114352 0.026042 0.154630
0 0.302083 0.038889 0.028125 0.077778
0 0.302344 0.187963 0.028646 0.157407
0 0.174740 0.059722 0.023438 0.119444
0 0.201823 0.181944 0.027604 0.158333
0 0.163542 0.193981 0.026042 0.154630
0 0.198437 0.160648 0.023958 0.158333
0 0.137240 0.203241 0.028646 0.154630
0 0.128385 0.184259 0.036979 0.161111
0 0.153906 0.162500 0.028646 0.158333
0 0.186458 0.143519 0.026042 0.150000
0 0.119271 0.165741 0.020833 0.159259
0 0.467187 0.024074 0.026042 0.048148
0 0.192448 0.825463 0.048438 0.245370
0 0.505469 0.436574 0.033854 0.199074
0 0.463542 0.449074 0.032292 0.196296
0 0.673958 0.841667 0.046875 0.253704
0 0.931771 0.743519 0.047917 0.229630
0 0.962500 0.694907 0.036458 0.232407
0 0.788021 0.052778 0.029167 0.105556
0 0.749219 0.054167 0.023438 0.108333
0 0.927083 0.201852 0.031250 0.164815
0 0.863542 0.167593 0.028125 0.150000
0 0.783594 0.194444 0.032813 0.146296
0 0.608073 0.140741 0.030729 0.151852
0 0.439844 0.025000 0.023438 0.050000
0 0.417448 0.025000 0.024479 0.050000
0 0.376563 0.039815 0.039583 0.079630
0 0.261979 0.105093 0.026042 0.139815
0 0.221875 0.455556 0.034375 0.194444
0 0.190365 0.465278 0.040104 0.182407
0 0.240625 0.148611 0.028125 0.162037
0 0.234375 0.061574 0.032292 0.123148
0 0.213802 0.048611 0.025521 0.097222
0 0.144271 0.055556 0.027083 0.111111
0 0.243750 0.300000 0.035417 0.175926
0 0.196875 0.295833 0.031250 0.169444
0 0.264844 0.283333 0.030729 0.168519
0 0.378906 0.026852 0.024479 0.053704
