0 0.432292 0.570833 0.058333 0.330556
0 0.557552 0.498148 0.020313 0.101852
0 0.575781 0.500463 0.019271 0.104630
0 0.615625 0.460648 0.019792 0.091667
0 0.528646 0.457870 0.018750 0.091667
0 0.579948 0.455093 0.020313 0.100926
0 0.513021 0.459722 0.018750 0.104630
0 0.346615 0.615741 0.107813 0.450000
0 0.491146 0.550463 0.059375 0.278704
0 0.369531 0.581019 0.063021 0.334259
0 0.251823 0.480556 0.017188 0.100000
0 0.273177 0.471759 0.018229 0.097222
0 0.261979 0.471759 0.015625 0.095370
0 0.226042 0.481481 0.026042 0.094444
0 0.251823 0.462500 0.016146 0.076852
0 0.311198 0.490741 0.025521 0.135185
0 0.524219 0.524074 0.052604 0.246296
0 0.608333 0.462037 0.016667 0.083333
0 0.491667 0.465741 0.018750 0.114815
0 0.308854 0.449537 0.010417 0.056481
0 0.317448 0.456481 0.013021 0.061111
0 0.302865 0.458796 0.010937 0.062037
0 0.292187 0.453241 0.013542 0.067593
0 0.314583 0.452778 0.011458 0.061111
0 0.276302 0.454167 0.015104 0.062037
0 0.500781 0.453704 0.016146 0.088889
0 0.309896 0.411574 0.010417 0.039815
0 0.315625 0.411111 0.009375 0.038889
0 0.501302 0.454630 0.011979 0.066667
0 0.287500 0.445370 0.011458 0.050000
