0 0.554167 0.598611 0.082292 0.410185
0 0.557552 0.499074 0.020313 0.098148
0 0.575781 0.500000 0.020313 0.103704
0 0.591667 0.462500 0.019792 0.091667
0 0.516927 0.453241 0.015104 0.076852
0 0.581771 0.455093 0.019792 0.100926
0 0.516927 0.466204 0.018229 0.104630
0 0.538802 0.672685 0.085938 0.591667
0 0.743229 0.586111 0.080208 0.372222
0 0.461979 0.625926 0.068750 0.451852
0 0.217188 0.481481 0.020833 0.103704
0 0.275000 0.470370 0.016667 0.100000
0 0.248958 0.472222 0.015625 0.096296
0 0.224479 0.481944 0.025000 0.093519
0 0.225000 0.464815 0.015625 0.075926
0 0.369531 0.503241 0.032813 0.176852
0 0.736458 0.554630 0.064583 0.329630
0 0.909896 0.542130 0.090625 0.313889
0 0.690104 0.461111 0.020833 0.094444
0 0.591667 0.461111 0.025000 0.100000
0 0.415104 0.452315 0.011458 0.065741
0 0.413542 0.449074 0.013542 0.070370
0 0.322917 0.451389 0.010417 0.054630
0 0.334896 0.451389 0.012500 0.056481
0 0.266927 0.466204 0.011979 0.075000
0 0.310677 0.454630 0.010937 0.057407
0 0.298177 0.456481 0.009896 0.057407
0 0.293490 0.450926 0.010937 0.059259
0 0.316927 0.450463 0.011979 0.052778
0 0.306250 0.450000 0.011458 0.059259
0 0.281771 0.450463 0.012500 0.054630
0 0.527344 0.457870 0.016146 0.080556
0 0.314063 0.422685 0.010417 0.039815
0 0.319271 0.420370 0.009375 0.038889
