0 0.593229 0.464352 0.021875 0.134259
0 0.564844 0.469444 0.021354 0.114815
0 0.527083 0.457870 0.019792 0.095370
0 0.526563 0.461574 0.020833 0.093519
0 0.476562 0.462963 0.017708 0.090741
0 0.937760 0.687500 0.123438 0.623148
0 0.210938 0.481019 0.023958 0.104630
0 0.230208 0.472222 0.015625 0.096296
0 0.228385 0.473148 0.015104 0.100000
0 0.227604 0.480556 0.021875 0.092593
0 0.230990 0.461574 0.018229 0.076852
0 0.585938 0.513889 0.040625 0.262963
0 0.623437 0.514815 0.042708 0.227778
0 0.654427 0.534722 0.052604 0.252778
0 0.533594 0.512037 0.051562 0.222222
0 0.338021 0.468056 0.016667 0.097222
0 0.355990 0.468056 0.019271 0.095370
0 0.386719 0.462963 0.021354 0.094444
0 0.314323 0.462500 0.017188 0.078704
0 0.297135 0.464815 0.014063 0.075926
0 0.289323 0.449074 0.010937 0.051852
0 0.290365 0.460185 0.013021 0.068519
0 0.310417 0.428704 0.009375 0.040741
0 0.310417 0.435185 0.009375 0.040741
0 0.297396 0.422222 0.006250 0.027778
0 0.303385 0.417593 0.006771 0.029630
0 0.413802 0.443981 0.014063 0.050926
