0 0.963021 0.631944 0.072917 0.734259
0 0.459375 0.455556 0.037500 0.161111
0 0.386979 0.431481 0.025000 0.116667
0 0.290104 0.422685 0.017708 0.089815
0 0.011979 0.464815 0.023958 0.198148
0 0.221354 0.432407 0.032292 0.124074
0 0.364583 0.423148 0.021875 0.107407
0 0.364583 0.421296 0.018750 0.090741
0 0.044271 0.457870 0.030208 0.134259
0 0.442188 0.426389 0.020833 0.113889
0 0.396354 0.424537 0.016667 0.102778
0 0.177865 0.418981 0.018229 0.084259
0 0.166146 0.426389 0.014583 0.073148
0 0.197917 0.431019 0.017708 0.087963
0 0.153906 0.416204 0.009896 0.054630
0 0.320312 0.410648 0.013542 0.063889
