0 0.542969 0.592593 0.088021 0.400000
0 0.557552 0.499537 0.020313 0.097222
0 0.575781 0.500000 0.020313 0.103704
0 0.591667 0.462500 0.019792 0.091667
0 0.519010 0.454167 0.016146 0.080556
0 0.581771 0.455093 0.019792 0.100926
0 0.515885 0.465278 0.018229 0.104630
0 0.523958 0.669907 0.083333 0.586111
0 0.691927 0.578241 0.104688 0.345370
0 0.452604 0.614352 0.069792 0.425000
0 0.224479 0.480556 0.019792 0.101852
0 0.275521 0.469907 0.016667 0.100926
0 0.252604 0.471759 0.015625 0.095370
0 0.224479 0.481944 0.025000 0.093519
0 0.230729 0.464815 0.015625 0.075926
0 0.356510 0.502315 0.031771 0.173148
0 0.703385 0.547685 0.083854 0.312037
0 0.970052 0.547685 0.058854 0.347222
0 0.675000 0.462963 0.026042 0.096296
0 0.585417 0.465278 0.031250 0.106481
0 0.406250 0.451852 0.012500 0.064815
0 0.407813 0.449537 0.013542 0.067593
0 0.320312 0.451389 0.010417 0.054630
0 0.328646 0.450926 0.009375 0.055556
0 0.266406 0.466667 0.011979 0.075926
0 0.312240 0.454630 0.010937 0.057407
0 0.299219 0.456481 0.009896 0.057407
0 0.292969 0.450926 0.011979 0.059259
0 0.318490 0.451389 0.011979 0.052778
0 0.305729 0.450000 0.011458 0.059259
0 0.279167 0.452315 0.014583 0.056481
0 0.524740 0.457407 0.016146 0.083333
0 0.313021 0.420833 0.010417 0.039815
0 0.318229 0.417593 0.009375 0.038889
