0 0.372135 0.550926 0.050521 0.287037
0 0.557813 0.498148 0.019792 0.101852
0 0.576042 0.500926 0.017708 0.105556
0 0.658854 0.459722 0.019792 0.091667
0 0.533594 0.458333 0.019271 0.094444
0 0.579688 0.455556 0.019792 0.100000
0 0.497396 0.456481 0.021875 0.105556
0 0.322917 0.574537 0.068750 0.337963
0 0.418490 0.534259 0.042188 0.227778
0 0.305990 0.559259 0.050521 0.285185
0 0.271354 0.478704 0.017708 0.090741
0 0.267448 0.470833 0.016146 0.097222
0 0.242188 0.480093 0.020833 0.097222
0 0.237240 0.462500 0.019271 0.076852
0 0.318490 0.484259 0.022396 0.125926
0 0.417187 0.510648 0.043750 0.197222
0 0.570833 0.456481 0.015625 0.072222
0 0.392708 0.475463 0.019792 0.112037
0 0.321094 0.459722 0.013021 0.065741
0 0.299219 0.453241 0.011979 0.065741
0 0.321615 0.455556 0.011979 0.066667
0 0.284635 0.455093 0.015104 0.065741
0 0.308854 0.410648 0.010417 0.039815
0 0.315104 0.411111 0.009375 0.038889
0 0.527604 0.452315 0.012500 0.063889
0 0.514323 0.458796 0.010937 0.039815
0 0.414583 0.460185 0.016667 0.088889
