0 0.461198 0.356481 0.093229 0.433333
0 0.548438 0.347685 0.085417 0.482407
0 0.097396 0.499537 0.194792 0.999074
0 0.312760 0.499537 0.240104 0.999074
0 0.366146 0.341667 0.085417 0.429630
0 0.400000 0.338426 0.056250 0.310185
0 0.635417 0.347222 0.052083 0.318519
0 0.930990 0.499537 0.136979 0.999074
0 0.737500 0.312500 0.018750 0.110185
0 0.715625 0.310648 0.013542 0.084259
0 0.696094 0.306944 0.017188 0.076852
0 0.850781 0.307870 0.017188 0.095370
0 0.936458 0.308796 0.018750 0.112037
0 0.764844 0.303241 0.013021 0.058333
