0 0.841146 0.656944 0.033333 0.219444
0 0.251042 0.078241 0.033333 0.156481
0 0.441927 0.677778 0.040104 0.240741
0 0.915885 0.521296 0.040104 0.198148
0 0.558594 0.931019 0.043229 0.136111
0 0.351042 0.816667 0.036458 0.231481
0 0.421094 0.213889 0.029687 0.157407
0 0.530729 0.050000 0.027083 0.100000
0 0.498177 0.048611 0.028646 0.097222
0 0.317448 0.129630 0.018229 0.137037
0 0.105469 0.380093 0.033854 0.178704
0 0.077083 0.356944 0.028125 0.189815
0 0.533854 0.802778 0.063542 0.240741
0 0.567969 0.803241 0.042188 0.212037
0 0.405208 0.147685 0.023958 0.134259
0 0.412240 0.158796 0.027604 0.154630
0 0.297135 0.041667 0.021354 0.083333
0 0.208594 0.222222 0.027604 0.151852
0 0.157812 0.887037 0.041667 0.224074
0 0.126042 0.866204 0.050000 0.258333
0 0.284635 0.177315 0.030729 0.160185
0 0.166927 0.115741 0.022396 0.151852
0 0.200521 0.182870 0.027083 0.162037
0 0.952865 0.712500 0.035937 0.199074
0 0.163802 0.193519 0.026562 0.157407
0 0.199219 0.166204 0.023438 0.163889
0 0.128646 0.200000 0.031250 0.146296
0 0.128646 0.182407 0.028125 0.161111
0 0.161458 0.163426 0.029167 0.160185
0 0.145833 0.146759 0.026042 0.145370
0 0.117708 0.174074 0.020833 0.159259
0 0.472396 0.053241 0.025000 0.106481
0 0.217708 0.274537 0.031250 0.176852
0 0.257552 0.192130 0.032813 0.167593
0 0.901042 0.373611 0.038542 0.184259
0 0.842187 0.350000 0.029167 0.175926
0 0.788542 0.064352 0.029167 0.128704
0 0.938542 0.284259 0.036458 0.159259
0 0.880729 0.082870 0.027083 0.150926
0 0.850000 0.077778 0.028125 0.155556
0 0.988802 0.305556 0.021354 0.177778
0 0.221875 0.107870 0.023958 0.147222
0 0.197656 0.112963 0.027604 0.137037
0 0.201302 0.013426 0.023438 0.026852
0 0.252604 0.021296 0.025000 0.042593
0 0.221094 0.025463 0.026562 0.050926
0 0.275260 0.018056 0.023438 0.036111
