0 0.425000 0.566204 0.059375 0.325000
0 0.557552 0.498148 0.020313 0.101852
0 0.576042 0.500463 0.018750 0.104630
0 0.621875 0.460648 0.019792 0.091667
0 0.529687 0.457870 0.018750 0.091667
0 0.578906 0.455093 0.020313 0.100926
0 0.511719 0.458796 0.018229 0.104630
0 0.334375 0.611111 0.110417 0.440741
0 0.483333 0.547222 0.064583 0.268519
0 0.364063 0.580556 0.059375 0.333333
0 0.253385 0.480556 0.016146 0.100000
0 0.272656 0.470833 0.018229 0.097222
0 0.261979 0.471759 0.015625 0.095370
0 0.225260 0.481481 0.028646 0.094444
0 0.252344 0.462500 0.016146 0.076852
0 0.311719 0.489815 0.023438 0.133333
0 0.506771 0.522685 0.038542 0.241667
0 0.603646 0.462500 0.016667 0.082407
0 0.481510 0.469444 0.019271 0.122222
0 0.308333 0.449537 0.010417 0.056481
0 0.317969 0.456944 0.013021 0.062037
0 0.303906 0.458796 0.010937 0.062037
0 0.293229 0.454167 0.013542 0.067593
0 0.315625 0.453241 0.011458 0.062037
0 0.277344 0.454167 0.015104 0.062037
0 0.497135 0.452778 0.016146 0.088889
0 0.309896 0.411574 0.010417 0.039815
0 0.315625 0.411111 0.009375 0.038889
0 0.503385 0.453704 0.011979 0.066667
0 0.288021 0.445370 0.011458 0.050000
