0 0.664323 0.615741 0.090104 0.485185
0 0.585938 0.477778 0.022917 0.138889
0 0.575521 0.499537 0.022917 0.102778
0 0.488281 0.446296 0.013021 0.059259
0 0.480208 0.656944 0.200000 0.684259
0 0.567708 0.455556 0.019792 0.101852
0 0.527344 0.458796 0.018229 0.093519
0 0.654948 0.681019 0.124479 0.619444
0 0.583073 0.635185 0.083854 0.485185
0 0.210156 0.481481 0.026562 0.105556
0 0.232552 0.473148 0.018229 0.101852
0 0.227083 0.473148 0.015625 0.100000
0 0.226302 0.480556 0.022396 0.094444
0 0.225521 0.463426 0.016667 0.076852
0 0.438542 0.518056 0.045833 0.280556
0 0.411198 0.527315 0.061979 0.247222
0 0.347396 0.546759 0.045833 0.280556
0 0.282552 0.537963 0.048438 0.275926
0 0.720833 0.547222 0.078125 0.309259
0 0.431250 0.478241 0.027083 0.139815
0 0.639062 0.457407 0.017708 0.083333
0 0.535677 0.456944 0.016146 0.075000
0 0.524479 0.452778 0.013542 0.072222
0 0.331771 0.461111 0.015625 0.074074
0 0.384375 0.453704 0.013542 0.070370
0 0.294792 0.455093 0.013542 0.067593
0 0.278906 0.457407 0.013021 0.062963
0 0.253385 0.461574 0.014063 0.071296
0 0.281510 0.451389 0.009896 0.052778
0 0.310937 0.447685 0.009375 0.045370
0 0.314323 0.443056 0.008854 0.045370
0 0.311719 0.443981 0.009896 0.045370
0 0.538802 0.454167 0.013021 0.071296
0 0.586719 0.462037 0.018229 0.092593
