0 0.619792 0.608796 0.085417 0.489815
0 0.570833 0.487963 0.021875 0.116667
0 0.575781 0.499537 0.022396 0.102778
0 0.495573 0.449074 0.014063 0.066667
0 0.584115 0.456019 0.020313 0.102778
0 0.524479 0.461574 0.018750 0.097222
0 0.617708 0.655093 0.115625 0.560185
0 0.542969 0.629167 0.068229 0.476852
0 0.210417 0.481481 0.027083 0.103704
0 0.252083 0.471296 0.017708 0.100000
0 0.228125 0.472222 0.015625 0.100000
0 0.225781 0.481019 0.022396 0.095370
0 0.223438 0.464352 0.016667 0.076852
0 0.342187 0.536111 0.061458 0.318519
0 0.247917 0.541667 0.076042 0.274074
0 0.207552 0.577315 0.088021 0.315741
0 0.096875 0.571759 0.095833 0.332407
0 0.584635 0.526852 0.047396 0.251852
0 0.492969 0.489352 0.030729 0.167593
0 0.659635 0.457407 0.018229 0.088889
0 0.507812 0.456944 0.011458 0.073148
0 0.492708 0.450926 0.013542 0.070370
0 0.332292 0.455556 0.014583 0.066667
0 0.377344 0.450926 0.013021 0.062963
0 0.284635 0.453704 0.013021 0.062963
0 0.274479 0.456019 0.012500 0.062037
0 0.263281 0.462037 0.013021 0.075926
0 0.281250 0.450463 0.009375 0.049074
0 0.308854 0.449074 0.010417 0.048148
0 0.300000 0.450926 0.009375 0.051852
0 0.315365 0.446759 0.009896 0.049074
0 0.310417 0.444907 0.010417 0.049074
0 0.291667 0.449074 0.009375 0.051852
0 0.535937 0.453704 0.013542 0.068519
0 0.586719 0.462037 0.018229 0.092593
