0 0.846354 0.654630 0.052083 0.214815
0 0.358333 0.648148 0.041667 0.229630
0 0.916146 0.517130 0.039583 0.195370
0 0.477344 0.934722 0.044271 0.128704
0 0.351042 0.816667 0.036458 0.231481
0 0.434635 0.208796 0.040104 0.160185
0 0.336979 0.125463 0.020833 0.128704
0 0.194792 0.236111 0.025000 0.155556
0 0.173437 0.239352 0.037500 0.176852
0 0.405729 0.141667 0.028125 0.146296
0 0.398698 0.116667 0.028646 0.155556
0 0.301302 0.039352 0.027604 0.078704
0 0.270052 0.020370 0.022396 0.040741
0 0.306250 0.188426 0.030208 0.158333
0 0.174740 0.059259 0.023438 0.118519
0 0.200000 0.177778 0.025000 0.159259
0 0.163021 0.193056 0.026042 0.154630
0 0.192969 0.161111 0.024479 0.161111
0 0.137500 0.199074 0.027083 0.155556
0 0.127604 0.180556 0.025000 0.168519
0 0.148438 0.165741 0.025000 0.161111
0 0.175000 0.150000 0.026042 0.150000
0 0.118750 0.170370 0.020833 0.159259
0 0.467187 0.024074 0.026042 0.048148
0 0.163542 0.680556 0.042708 0.224074
0 0.539583 0.562963 0.044792 0.216667
0 0.495312 0.577778 0.035417 0.214815
0 0.750260 0.970833 0.043229 0.056481
0 0.969271 0.754167 0.047917 0.228704
0 0.991667 0.697685 0.015625 0.237963
0 0.800260 0.085648 0.036979 0.149074
0 0.748958 0.087500 0.025000 0.143519
0 0.888802 0.106019 0.026562 0.145370
0 0.831510 0.079630 0.024479 0.133333
0 0.782292 0.135185 0.030208 0.138889
0 0.577344 0.056944 0.028646 0.113889
0 0.432292 0.008796 0.019792 0.017593
0 0.392969 0.032870 0.022396 0.065741
0 0.265625 0.053241 0.023958 0.106481
0 0.239063 0.362963 0.027083 0.183333
0 0.197396 0.361574 0.041667 0.165741
0 0.201042 0.134259 0.026042 0.159259
0 0.230208 0.028704 0.022917 0.057407
0 0.213281 0.014815 0.020313 0.029630
0 0.145833 0.056019 0.027083 0.112037
0 0.263021 0.226389 0.030208 0.167593
0 0.230990 0.216667 0.030729 0.159259
0 0.259375 0.200926 0.027083 0.155556
0 0.411458 0.030556 0.022917 0.061111
