0 0.471094 0.576389 0.080729 0.350926
0 0.557292 0.498611 0.019792 0.100926
0 0.575781 0.500463 0.019271 0.104630
0 0.600000 0.462500 0.019792 0.091667
0 0.526042 0.457870 0.018750 0.091667
0 0.581771 0.455093 0.019792 0.100926
0 0.512240 0.462037 0.018229 0.105556
0 0.394531 0.644444 0.084896 0.511111
0 0.544010 0.556019 0.049479 0.291667
0 0.401042 0.597685 0.066667 0.347222
0 0.245052 0.481481 0.019271 0.100000
0 0.274740 0.470833 0.016146 0.099074
0 0.260156 0.472685 0.016146 0.095370
0 0.224219 0.481481 0.025521 0.096296
0 0.250260 0.462500 0.016146 0.076852
0 0.317188 0.496296 0.032292 0.153704
0 0.573438 0.532870 0.047917 0.262037
0 0.627865 0.460648 0.016146 0.089815
0 0.529687 0.464352 0.019792 0.108333
0 0.310937 0.448611 0.010417 0.056481
0 0.315885 0.455556 0.013021 0.059259
0 0.301563 0.456944 0.010417 0.058333
0 0.291146 0.451389 0.012500 0.063889
0 0.322656 0.454167 0.011979 0.052778
0 0.311979 0.451852 0.011458 0.059259
0 0.277083 0.453704 0.014583 0.059259
0 0.513281 0.456944 0.017188 0.091667
0 0.310417 0.412500 0.010417 0.039815
0 0.315625 0.411111 0.009375 0.038889
0 0.491927 0.455556 0.010937 0.064815
0 0.285417 0.446296 0.011458 0.050000
