0 0.845052 0.654630 0.049479 0.214815
0 0.217448 0.606019 0.057813 0.228704
0 0.916667 0.518519 0.051042 0.192593
0 0.454688 0.927315 0.039583 0.143519
0 0.351042 0.816667 0.036458 0.231481
0 0.433073 0.213889 0.030729 0.157407
0 0.497917 0.010185 0.025000 0.020370
0 0.338021 0.125926 0.020833 0.129630
0 0.167187 0.287037 0.029167 0.166667
0 0.139844 0.283333 0.030729 0.183333
0 0.584115 0.986111 0.052604 0.025926
0 0.402865 0.145370 0.024479 0.140741
0 0.404167 0.125000 0.028125 0.157407
0 0.298438 0.040741 0.023958 0.081481
0 0.263021 0.102315 0.022917 0.134259
0 0.305990 0.183333 0.025521 0.162963
0 0.172656 0.059259 0.026562 0.118519
0 0.200000 0.182407 0.025000 0.159259
0 0.163021 0.193519 0.025000 0.155556
0 0.194531 0.168981 0.026562 0.156481
0 0.129688 0.199537 0.028125 0.149074
0 0.121875 0.180556 0.026042 0.168519
0 0.149479 0.168056 0.029167 0.162037
0 0.156771 0.141667 0.027083 0.151852
0 0.118229 0.174074 0.020833 0.159259
0 0.472656 0.031481 0.025521 0.062963
0 0.180729 0.431019 0.035417 0.195370
0 0.257812 0.064352 0.029167 0.128704
0 0.734896 0.890278 0.048958 0.217593
0 0.686198 0.901389 0.046354 0.195370
0 0.861198 0.225926 0.036979 0.170370
0 0.789062 0.222685 0.027083 0.158333
0 0.720573 0.012037 0.021354 0.024074
0 0.786458 0.072222 0.030208 0.131481
0 0.811458 0.023611 0.027083 0.047222
0 0.766146 0.019444 0.025000 0.038889
0 0.264583 0.201389 0.022917 0.163889
0 0.235156 0.204167 0.032813 0.149074
0 0.155469 0.054630 0.027604 0.109259
0 0.224740 0.087037 0.027604 0.148148
0 0.195312 0.082870 0.026042 0.141667
0 0.230208 0.072685 0.022917 0.141667
0 0.841667 0.017130 0.022917 0.034259
0 0.576823 0.045833 0.039062 0.091667
