0 0.622396 0.610185 0.082292 0.481481
0 0.566927 0.490741 0.021354 0.111111
0 0.575521 0.499537 0.021875 0.102778
0 0.497396 0.449074 0.013542 0.068519
0 0.583854 0.455093 0.019792 0.102778
0 0.523438 0.462963 0.018750 0.098148
0 0.615365 0.656019 0.110937 0.562037
0 0.540104 0.629167 0.067708 0.476852
0 0.209375 0.481481 0.027083 0.103704
0 0.254167 0.470833 0.018750 0.100926
0 0.228646 0.472222 0.015625 0.100000
0 0.225521 0.481019 0.022917 0.095370
0 0.222917 0.464352 0.016667 0.076852
0 0.315365 0.545370 0.070312 0.335185
0 0.198177 0.545833 0.047396 0.286111
0 0.143750 0.581944 0.104167 0.339815
0 0.049740 0.574537 0.099479 0.341667
0 0.553125 0.522685 0.048958 0.241667
0 0.513021 0.494907 0.039583 0.180556
0 0.662500 0.457407 0.020833 0.088889
0 0.502344 0.453704 0.011979 0.066667
0 0.482292 0.449074 0.013542 0.070370
0 0.333333 0.455556 0.014583 0.066667
0 0.375521 0.451389 0.012500 0.062037
0 0.281510 0.454167 0.013021 0.060185
0 0.263542 0.462037 0.011458 0.075926
0 0.281250 0.450926 0.009375 0.048148
0 0.308854 0.450000 0.010417 0.050000
0 0.298958 0.451852 0.009375 0.053704
0 0.315625 0.446759 0.010417 0.049074
0 0.309896 0.445833 0.010417 0.050926
0 0.290365 0.449537 0.009896 0.052778
0 0.535156 0.454167 0.014063 0.069444
0 0.586719 0.462037 0.018229 0.092593
