0 0.469792 0.576852 0.081250 0.350000
0 0.557292 0.498611 0.019792 0.100926
0 0.575781 0.500463 0.019271 0.104630
0 0.600000 0.462500 0.019792 0.091667
0 0.526042 0.457870 0.018750 0.091667
0 0.581771 0.455093 0.019792 0.100926
0 0.512240 0.462037 0.018229 0.105556
0 0.392969 0.643981 0.085938 0.506481
0 0.541406 0.556019 0.050521 0.291667
0 0.400000 0.597685 0.066667 0.347222
0 0.245573 0.481481 0.019271 0.100000
0 0.274219 0.470833 0.016146 0.099074
0 0.260156 0.472685 0.016146 0.095370
0 0.224219 0.481944 0.025521 0.097222
0 0.250260 0.462500 0.016146 0.076852
0 0.316667 0.496296 0.033333 0.153704
0 0.571875 0.533333 0.048958 0.261111
0 0.627604 0.460648 0.015625 0.089815
0 0.528385 0.464352 0.019271 0.108333
0 0.310677 0.448611 0.009896 0.056481
0 0.315885 0.455556 0.013021 0.059259
0 0.301563 0.456944 0.010417 0.058333
0 0.291146 0.451389 0.012500 0.063889
0 0.323177 0.454167 0.011979 0.052778
0 0.311979 0.451852 0.011458 0.059259
0 0.276823 0.453704 0.015104 0.059259
0 0.512760 0.456944 0.017188 0.091667
0 0.310417 0.412500 0.010417 0.039815
0 0.315625 0.411111 0.009375 0.038889
0 0.492448 0.455556 0.010937 0.064815
0 0.285417 0.446296 0.011458 0.050000
