0 0.582812 0.610648 0.089583 0.437963
0 0.557813 0.497685 0.020833 0.097222
0 0.575781 0.500000 0.021354 0.103704
0 0.509635 0.450926 0.014063 0.070370
0 0.582031 0.454167 0.020313 0.100926
0 0.524740 0.465741 0.018229 0.103704
0 0.591406 0.652315 0.113021 0.563889
0 0.939063 0.631481 0.120833 0.474074
0 0.501302 0.633333 0.069271 0.487037
0 0.209635 0.481019 0.022396 0.102778
0 0.269271 0.471296 0.023958 0.100000
0 0.234896 0.472222 0.015625 0.100000
0 0.225000 0.481481 0.023958 0.094444
0 0.220052 0.465278 0.016146 0.076852
0 0.039583 0.581019 0.079167 0.421296
0 0.435156 0.508796 0.033854 0.200926
0 0.902083 0.581019 0.115625 0.397222
0 0.691406 0.518519 0.058854 0.248148
0 0.746094 0.459259 0.027604 0.100000
0 0.632031 0.460648 0.024479 0.097222
0 0.454688 0.448148 0.011458 0.064815
0 0.432812 0.447222 0.013542 0.070370
0 0.334115 0.452315 0.009896 0.056481
0 0.356510 0.450000 0.011979 0.055556
0 0.270313 0.464815 0.014583 0.074074
0 0.307552 0.452778 0.010937 0.053704
0 0.295833 0.452778 0.009375 0.053704
0 0.296094 0.449074 0.009896 0.055556
0 0.316406 0.449074 0.011979 0.050000
0 0.307552 0.447685 0.010937 0.054630
0 0.285677 0.451389 0.010937 0.056481
0 0.534635 0.457407 0.015104 0.072222
0 0.315625 0.430093 0.010417 0.039815
0 0.593229 0.461574 0.019792 0.091667
