0 0.622656 0.613889 0.092188 0.462963
0 0.557813 0.497222 0.020833 0.098148
0 0.575781 0.500000 0.021354 0.103704
0 0.503906 0.450000 0.014063 0.070370
0 0.583073 0.456019 0.020313 0.100926
0 0.524219 0.464815 0.018229 0.101852
0 0.604167 0.656944 0.098958 0.563889
0 0.509375 0.634722 0.076042 0.489815
0 0.209115 0.480556 0.023438 0.101852
0 0.261458 0.471296 0.016667 0.103704
0 0.231250 0.472222 0.015625 0.100000
0 0.225260 0.481019 0.023438 0.095370
0 0.221094 0.465278 0.016146 0.076852
0 0.186458 0.566667 0.106250 0.379630
0 0.039844 0.567130 0.079687 0.319444
0 0.486458 0.508333 0.039583 0.200000
0 0.603646 0.508796 0.047917 0.223148
0 0.788281 0.457407 0.028646 0.101852
0 0.652865 0.461574 0.024479 0.097222
0 0.477083 0.450000 0.011458 0.064815
0 0.453125 0.448148 0.013542 0.070370
0 0.335938 0.455093 0.012500 0.062037
0 0.365104 0.450926 0.011458 0.059259
0 0.269531 0.462963 0.014063 0.074074
0 0.280990 0.449537 0.008854 0.047222
0 0.307812 0.451852 0.010417 0.053704
0 0.296875 0.451852 0.009375 0.053704
0 0.297135 0.448611 0.009896 0.054630
0 0.316667 0.448148 0.011458 0.048148
0 0.308333 0.447222 0.010417 0.053704
0 0.288021 0.450000 0.010417 0.053704
0 0.534635 0.455556 0.015104 0.072222
0 0.593229 0.461574 0.019792 0.091667
