0 0.747396 0.637500 0.101042 0.515741
0 0.588802 0.474074 0.019271 0.144444
0 0.575521 0.489352 0.019792 0.125000
0 0.491927 0.446296 0.014063 0.062963
0 0.028125 0.676389 0.056250 0.645370
0 0.549219 0.459259 0.020313 0.100000
0 0.522656 0.459259 0.018229 0.090741
0 0.782292 0.681019 0.143750 0.636111
0 0.666406 0.662037 0.085938 0.540741
0 0.211458 0.481481 0.026042 0.105556
0 0.229948 0.473611 0.018229 0.100926
0 0.227604 0.473148 0.015625 0.100000
0 0.226823 0.480556 0.022396 0.094444
0 0.226823 0.462500 0.017188 0.076852
0 0.461198 0.517593 0.041146 0.277778
0 0.493229 0.515278 0.063542 0.230556
0 0.442448 0.541204 0.053646 0.269444
0 0.362240 0.524537 0.053646 0.249074
0 0.862500 0.578241 0.101042 0.386111
0 0.397656 0.474074 0.022396 0.124074
0 0.626563 0.456019 0.017708 0.076852
0 0.561979 0.458796 0.018750 0.086111
0 0.554427 0.456019 0.018229 0.084259
0 0.334115 0.460648 0.017188 0.078704
0 0.386458 0.456944 0.014583 0.078704
0 0.303385 0.456481 0.017188 0.072222
0 0.284896 0.459722 0.013542 0.067593
0 0.247656 0.461111 0.014063 0.070370
0 0.283073 0.454630 0.008854 0.057407
0 0.311458 0.449537 0.009375 0.045370
0 0.308333 0.443519 0.009375 0.044444
0 0.311719 0.443981 0.009896 0.045370
0 0.536198 0.451389 0.014063 0.065741
