0 0.350521 0.543981 0.051042 0.273148
0 0.558333 0.498148 0.019792 0.101852
0 0.576042 0.500926 0.017708 0.105556
0 0.665365 0.460185 0.017188 0.092593
0 0.533073 0.459722 0.020313 0.100926
0 0.580469 0.456481 0.020313 0.100000
0 0.494010 0.455556 0.022396 0.105556
0 0.312500 0.566667 0.057292 0.312963
0 0.399740 0.525926 0.047396 0.209259
0 0.295833 0.551389 0.048958 0.271296
0 0.278906 0.474537 0.018229 0.086111
0 0.266406 0.470370 0.015104 0.096296
0 0.251563 0.478241 0.019792 0.093519
0 0.230729 0.462037 0.018750 0.077778
0 0.316406 0.483796 0.021354 0.125000
0 0.390104 0.508796 0.033333 0.186111
0 0.558854 0.456019 0.016667 0.071296
0 0.366667 0.479630 0.019792 0.116667
0 0.322396 0.460648 0.013542 0.067593
0 0.301563 0.455093 0.012500 0.069444
0 0.323698 0.456481 0.011979 0.068519
0 0.307812 0.411574 0.010417 0.039815
0 0.314583 0.411111 0.009375 0.038889
0 0.533854 0.449537 0.012500 0.063889
0 0.403385 0.460185 0.017188 0.088889
