0 0.466146 0.387037 0.036458 0.155556
0 0.413542 0.371296 0.027083 0.127778
0 0.379948 0.373148 0.026562 0.131481
0 0.792708 0.586111 0.108333 0.605556
0 0.904167 0.581019 0.126042 0.608333
0 0.288021 0.376389 0.041667 0.154630
0 0.424479 0.371296 0.021875 0.112963
0 0.441667 0.361111 0.016667 0.109259
0 0.128125 0.370833 0.027083 0.121296
0 0.572396 0.387963 0.038542 0.207407
0 0.451042 0.361111 0.016667 0.096296
0 0.488542 0.359722 0.017708 0.106481
0 0.213542 0.363889 0.020833 0.112963
0 0.200781 0.367130 0.016146 0.087963
0 0.483333 0.351389 0.020833 0.086111
0 0.462760 0.367593 0.022396 0.090741
0 0.267969 0.374537 0.017188 0.100926
0 0.246615 0.346296 0.015104 0.057407
0 0.399479 0.345370 0.013542 0.062963
0 0.021615 0.344907 0.011979 0.065741
0 0.046875 0.368056 0.020833 0.099074
0 0.055729 0.347685 0.014583 0.063889
0 0.282552 0.368519 0.011979 0.048148
