0 0.499479 0.428241 0.030208 0.149074
0 0.435677 0.404167 0.025521 0.117593
0 0.373177 0.401389 0.019271 0.104630
0 0.966927 0.572685 0.065104 0.523148
0 0.033854 0.448611 0.051042 0.219444
0 0.252344 0.413426 0.032813 0.130556
0 0.427865 0.405556 0.021354 0.107407
0 0.436719 0.401389 0.021354 0.099074
0 0.126823 0.426852 0.029687 0.133333
0 0.528385 0.402778 0.025521 0.137037
0 0.473698 0.394907 0.016146 0.102778
0 0.237240 0.403704 0.017188 0.092593
0 0.227344 0.405093 0.013021 0.076852
0 0.257812 0.408796 0.017708 0.087963
0 0.228906 0.396759 0.011979 0.054630
0 0.388021 0.388426 0.013542 0.063889
0 0.047656 0.392593 0.010937 0.064815
0 0.072135 0.413889 0.017188 0.094444
0 0.070052 0.402778 0.011979 0.059259
