0 0.623437 0.347222 0.031250 0.135185
0 0.445833 0.347222 0.031250 0.162963
0 0.066927 0.553241 0.133854 0.678704
0 0.482292 0.352315 0.027083 0.143519
0 0.625260 0.338426 0.019271 0.089815
0 0.739844 0.397222 0.051562 0.335185
0 0.380208 0.342593 0.020833 0.101852
0 0.719010 0.395370 0.045312 0.288889
0 0.547917 0.325463 0.014583 0.060185
0 0.179948 0.407870 0.055729 0.263889
0 0.160938 0.327315 0.021875 0.106481
0 0.146875 0.320370 0.014583 0.072222
0 0.149740 0.320833 0.015104 0.076852
0 0.572396 0.322222 0.010417 0.046296
0 0.560677 0.324074 0.010937 0.053704
0 0.330990 0.333333 0.017188 0.066667
0 0.394792 0.325463 0.012500 0.060185
0 0.403646 0.326389 0.011458 0.058333
