0 0.588802 0.612963 0.092188 0.440741
0 0.557813 0.497685 0.020833 0.097222
0 0.575781 0.500000 0.021354 0.103704
0 0.509115 0.450926 0.014063 0.070370
0 0.582292 0.455093 0.019792 0.100926
0 0.524740 0.465741 0.018229 0.103704
0 0.594010 0.652315 0.107813 0.563889
0 0.947135 0.630093 0.104688 0.482407
0 0.503385 0.632870 0.073438 0.486111
0 0.209635 0.481019 0.022396 0.102778
0 0.268490 0.471296 0.023438 0.100000
0 0.233854 0.472222 0.015625 0.100000
0 0.225000 0.481481 0.023958 0.094444
0 0.220052 0.465278 0.016146 0.076852
0 0.060156 0.581944 0.114062 0.419444
0 0.440365 0.508796 0.035937 0.200926
0 0.910156 0.581481 0.108854 0.405556
0 0.679948 0.516667 0.044271 0.246296
0 0.751042 0.458796 0.025000 0.100926
0 0.634635 0.461574 0.024479 0.097222
0 0.457813 0.449074 0.011458 0.064815
0 0.434375 0.447222 0.013542 0.070370
0 0.334375 0.453241 0.010417 0.056481
0 0.357552 0.450000 0.011979 0.055556
0 0.270573 0.464352 0.015104 0.073148
0 0.307552 0.452778 0.010937 0.053704
0 0.295833 0.452778 0.009375 0.053704
0 0.296094 0.449074 0.009896 0.055556
0 0.316667 0.449074 0.011458 0.050000
0 0.307552 0.447685 0.010937 0.054630
0 0.286198 0.451389 0.010937 0.056481
0 0.534635 0.457407 0.015104 0.072222
0 0.593229 0.461574 0.019792 0.091667
