0 0.568490 0.602778 0.082812 0.425926
0 0.557813 0.498148 0.020833 0.098148
0 0.575521 0.500000 0.020833 0.103704
0 0.593750 0.461574 0.019792 0.091667
0 0.512240 0.450926 0.014063 0.070370
0 0.581771 0.454167 0.019792 0.100926
0 0.521354 0.467130 0.018750 0.104630
0 0.564323 0.663889 0.078646 0.587037
0 0.869792 0.609722 0.106250 0.428704
0 0.496094 0.627315 0.080729 0.471296
0 0.209896 0.481019 0.021875 0.102778
0 0.273438 0.471296 0.016667 0.100000
0 0.238021 0.472685 0.015625 0.099074
0 0.225000 0.481481 0.023958 0.094444
0 0.219271 0.465278 0.015625 0.076852
0 0.415104 0.505556 0.034375 0.190741
0 0.840365 0.563426 0.091146 0.369444
0 0.749479 0.521296 0.061458 0.266667
0 0.730990 0.459722 0.024479 0.099074
0 0.619531 0.462500 0.024479 0.099074
0 0.442188 0.448148 0.011458 0.064815
0 0.425521 0.448148 0.013542 0.070370
0 0.331510 0.452315 0.009896 0.054630
0 0.350260 0.450926 0.011979 0.055556
0 0.268490 0.466667 0.011979 0.074074
0 0.307292 0.453704 0.011458 0.055556
0 0.298438 0.454167 0.015625 0.054630
0 0.295573 0.449074 0.009896 0.055556
0 0.316406 0.449537 0.011979 0.050926
0 0.307552 0.449074 0.010937 0.057407
0 0.284635 0.450926 0.010937 0.055556
0 0.533594 0.457870 0.015104 0.073148
0 0.315625 0.428241 0.010417 0.039815
