0 0.433854 0.571296 0.053125 0.333333
0 0.557552 0.498148 0.020313 0.101852
0 0.575781 0.500463 0.019271 0.104630
0 0.613542 0.460648 0.019792 0.091667
0 0.528646 0.457870 0.018750 0.091667
0 0.580469 0.455093 0.020313 0.100926
0 0.513542 0.459722 0.018750 0.104630
0 0.351042 0.617593 0.103125 0.453704
0 0.496094 0.551852 0.054688 0.281481
0 0.371094 0.580093 0.066146 0.332407
0 0.251042 0.480556 0.017708 0.100000
0 0.273177 0.471759 0.018229 0.097222
0 0.261979 0.471759 0.015625 0.095370
0 0.225521 0.481944 0.026042 0.095370
0 0.251823 0.462500 0.016146 0.076852
0 0.310677 0.491204 0.026562 0.136111
0 0.529427 0.525463 0.055729 0.249074
0 0.609896 0.462037 0.016667 0.083333
0 0.496094 0.468056 0.019271 0.119444
0 0.309115 0.449537 0.009896 0.056481
0 0.317448 0.456481 0.013021 0.061111
0 0.302865 0.458796 0.010937 0.062037
0 0.291667 0.453241 0.013542 0.067593
0 0.314323 0.452778 0.011979 0.061111
0 0.276302 0.454167 0.015104 0.062037
0 0.502083 0.454167 0.016667 0.089815
0 0.309896 0.411574 0.010417 0.039815
0 0.315625 0.411111 0.009375 0.038889
0 0.500521 0.454630 0.011458 0.066667
0 0.287500 0.445370 0.011458 0.050000
