0 0.845052 0.654630 0.049479 0.214815
0 0.215365 0.610185 0.048438 0.233333
0 0.916406 0.518519 0.050521 0.192593
0 0.451562 0.927315 0.042708 0.143519
0 0.351042 0.816667 0.036458 0.231481
0 0.431510 0.211574 0.026562 0.160185
0 0.337500 0.125926 0.020833 0.129630
0 0.170833 0.281019 0.029167 0.165741
0 0.143750 0.276852 0.030208 0.183333
0 0.577083 0.994444 0.052083 0.009259
0 0.402865 0.145370 0.024479 0.140741
0 0.404167 0.125000 0.028125 0.157407
0 0.298698 0.040278 0.023438 0.080556
0 0.263021 0.099074 0.022917 0.133333
0 0.306250 0.183333 0.026042 0.162963
0 0.176302 0.060185 0.026562 0.120370
0 0.200000 0.182407 0.025000 0.159259
0 0.163021 0.193519 0.025000 0.155556
0 0.194792 0.168519 0.026042 0.157407
0 0.129948 0.199537 0.027604 0.149074
0 0.121875 0.180556 0.026042 0.168519
0 0.149479 0.168056 0.029167 0.162037
0 0.156771 0.141667 0.027083 0.151852
0 0.118229 0.174074 0.020833 0.159259
0 0.472656 0.031019 0.025521 0.062037
0 0.178125 0.441204 0.033333 0.193519
0 0.259635 0.061111 0.030729 0.122222
0 0.721875 0.883333 0.052083 0.231481
0 0.676302 0.892593 0.046354 0.212963
0 0.857812 0.219444 0.034375 0.166667
0 0.788542 0.209722 0.027083 0.158333
0 0.725781 0.017130 0.019271 0.034259
0 0.786458 0.072222 0.030208 0.131481
0 0.808594 0.019444 0.026562 0.038889
0 0.762500 0.016204 0.025000 0.032407
0 0.266146 0.203241 0.022917 0.163889
0 0.235417 0.208333 0.030208 0.148148
0 0.152344 0.055093 0.027604 0.110185
0 0.226302 0.093519 0.027604 0.148148
0 0.195312 0.085648 0.026042 0.141667
0 0.229427 0.073148 0.023438 0.140741
0 0.840625 0.017593 0.022917 0.035185
0 0.563021 0.043981 0.033333 0.087963
