0 0.497135 0.584259 0.068229 0.374074
0 0.557292 0.500463 0.019792 0.097222
0 0.575781 0.500463 0.019271 0.104630
0 0.594271 0.462500 0.019792 0.091667
0 0.523698 0.456481 0.018229 0.088889
0 0.581771 0.455093 0.019792 0.100926
0 0.513281 0.462963 0.018229 0.105556
0 0.426302 0.644907 0.101562 0.541667
0 0.583333 0.563889 0.073958 0.303704
0 0.414844 0.594907 0.067187 0.347222
0 0.238021 0.481481 0.021875 0.100000
0 0.276562 0.470370 0.017708 0.101852
0 0.258594 0.472685 0.016146 0.095370
0 0.225260 0.482407 0.023438 0.094444
0 0.252604 0.463426 0.015625 0.076852
0 0.326302 0.500000 0.027604 0.157407
0 0.609375 0.536574 0.069792 0.275000
0 0.640625 0.461574 0.022917 0.091667
0 0.551042 0.470370 0.022917 0.116667
0 0.385156 0.451389 0.009896 0.062037
0 0.393229 0.449074 0.010417 0.064815
0 0.312240 0.448611 0.009896 0.056481
0 0.267708 0.466667 0.010417 0.075926
0 0.315365 0.455093 0.013021 0.058333
0 0.301042 0.456481 0.010417 0.057407
0 0.291406 0.451852 0.011979 0.061111
0 0.321615 0.453241 0.011979 0.052778
0 0.309896 0.450926 0.011458 0.059259
0 0.277604 0.453241 0.014583 0.058333
0 0.517969 0.457407 0.017188 0.090741
0 0.310937 0.415278 0.010417 0.039815
0 0.316146 0.412037 0.009375 0.038889
0 0.283333 0.446296 0.011458 0.050000
