0 0.497396 0.414815 0.036458 0.155556
0 0.442188 0.387037 0.027083 0.129630
0 0.417708 0.395833 0.025000 0.126852
0 0.778646 0.612037 0.113542 0.624074
0 0.919531 0.606944 0.143229 0.641667
0 0.309115 0.402315 0.035937 0.158333
0 0.446354 0.384259 0.021875 0.116667
0 0.479167 0.388889 0.025000 0.114815
0 0.172917 0.392130 0.026042 0.119444
0 0.622656 0.420833 0.042188 0.232407
0 0.484375 0.385185 0.016667 0.096296
0 0.526042 0.383796 0.017708 0.106481
0 0.239063 0.382870 0.021875 0.115741
0 0.226302 0.386111 0.016146 0.094444
0 0.491667 0.383796 0.020833 0.086111
0 0.477604 0.383333 0.021875 0.094444
0 0.292448 0.393981 0.017188 0.100926
0 0.436719 0.369907 0.013021 0.063889
0 0.065365 0.366204 0.013021 0.065741
0 0.083333 0.386574 0.020833 0.104630
0 0.091667 0.370833 0.014583 0.063889
0 0.331771 0.369444 0.012500 0.053704
0 0.309635 0.368519 0.011979 0.048148
