0 0.843750 0.655093 0.046875 0.213889
0 0.259375 0.058796 0.031250 0.117593
0 0.367708 0.630093 0.046875 0.236111
0 0.916667 0.518056 0.040625 0.195370
0 0.537240 0.930556 0.039062 0.137037
0 0.351042 0.816667 0.036458 0.231481
0 0.432812 0.214352 0.031250 0.156481
0 0.519010 0.033333 0.025521 0.066667
0 0.491406 0.032407 0.027604 0.064815
0 0.333333 0.126852 0.020833 0.131481
0 0.134115 0.338426 0.031771 0.175000
0 0.100000 0.325926 0.030208 0.190741
0 0.586979 0.893981 0.060417 0.210185
0 0.626042 0.899074 0.053125 0.200000
0 0.402865 0.145370 0.021354 0.140741
0 0.437500 0.129630 0.023958 0.151852
0 0.297396 0.041204 0.021875 0.082407
0 0.260677 0.175463 0.024479 0.145370
0 0.150781 0.948611 0.043229 0.100926
0 0.184375 0.916204 0.050000 0.165741
0 0.304688 0.185648 0.025000 0.160185
0 0.166406 0.088426 0.029687 0.147222
0 0.200521 0.183333 0.027083 0.161111
0 0.163021 0.193056 0.025000 0.156481
0 0.196354 0.163889 0.026042 0.162963
0 0.125521 0.199074 0.028125 0.148148
0 0.119010 0.179167 0.026562 0.167593
0 0.163281 0.167593 0.027604 0.151852
0 0.157292 0.143981 0.027083 0.149074
0 0.118229 0.174074 0.020833 0.159259
0 0.467187 0.045370 0.026042 0.090741
0 0.208854 0.330556 0.034375 0.177778
0 0.267448 0.131019 0.031771 0.160185
0 0.880208 0.313426 0.039583 0.184259
0 0.825781 0.295833 0.027604 0.169444
0 0.786458 0.070370 0.030208 0.131481
0 0.984375 0.335648 0.030208 0.163889
0 0.867188 0.054167 0.027083 0.108333
0 0.818229 0.051389 0.027083 0.102778
0 0.235156 0.140278 0.023438 0.154630
0 0.212240 0.147685 0.025521 0.139815
0 0.197656 0.034259 0.024479 0.068519
0 0.234896 0.049074 0.029167 0.098148
0 0.202865 0.045370 0.026562 0.090741
0 0.247656 0.037500 0.023438 0.075000
