0 0.751042 0.573148 0.108333 0.483333
0 0.496094 0.468056 0.034896 0.150926
0 0.408594 0.439352 0.021354 0.106481
0 0.038281 0.495370 0.043229 0.190741
0 0.282813 0.442593 0.017708 0.081481
0 0.060677 0.477315 0.039062 0.182407
0 0.267708 0.449074 0.025000 0.118519
0 0.382552 0.446759 0.019271 0.104630
0 0.374219 0.432407 0.018229 0.087037
0 0.075000 0.475926 0.025000 0.129630
0 0.444531 0.436574 0.021354 0.108333
0 0.410156 0.436111 0.018229 0.098148
0 0.162760 0.439352 0.009896 0.054630
0 0.173698 0.441204 0.010937 0.050926
0 0.330208 0.429167 0.013542 0.063889
