0 0.440104 0.442130 0.031250 0.150926
0 0.378646 0.413426 0.021875 0.113889
0 0.293750 0.410648 0.018750 0.095370
0 0.941667 0.606944 0.115625 0.497222
0 0.008854 0.454630 0.017708 0.205556
0 0.196354 0.419907 0.028125 0.126852
0 0.359896 0.414815 0.021875 0.107407
0 0.361198 0.408333 0.020313 0.094444
0 0.036458 0.435648 0.030208 0.134259
0 0.445052 0.414352 0.023438 0.121296
0 0.394010 0.413426 0.016146 0.102778
0 0.168229 0.410185 0.017708 0.087037
0 0.154948 0.418056 0.014063 0.069444
0 0.191146 0.418981 0.017708 0.087963
0 0.146615 0.404167 0.016146 0.056481
0 0.314063 0.398611 0.013542 0.063889
