0 0.466146 0.570833 0.081250 0.345370
0 0.557292 0.498611 0.019792 0.100926
0 0.575781 0.500463 0.019271 0.104630
0 0.602604 0.461574 0.019792 0.091667
0 0.526563 0.457870 0.018750 0.091667
0 0.581771 0.455093 0.019792 0.100926
0 0.512240 0.461574 0.018229 0.104630
0 0.384375 0.640278 0.088542 0.493519
0 0.530469 0.557870 0.055729 0.295370
0 0.393750 0.594444 0.066667 0.346296
0 0.247656 0.481481 0.019271 0.100000
0 0.273958 0.470833 0.016667 0.099074
0 0.260677 0.472685 0.016146 0.095370
0 0.224219 0.481481 0.025521 0.098148
0 0.250781 0.462500 0.016146 0.076852
0 0.313281 0.494907 0.032813 0.150926
0 0.564063 0.532407 0.052083 0.257407
0 0.623958 0.460648 0.016667 0.087963
0 0.521615 0.464815 0.019271 0.111111
0 0.310677 0.448611 0.009896 0.056481
0 0.316406 0.455556 0.013021 0.059259
0 0.301823 0.457407 0.010937 0.059259
0 0.291406 0.451389 0.013021 0.063889
0 0.323698 0.455093 0.011979 0.052778
0 0.312500 0.452315 0.011458 0.060185
0 0.276823 0.453704 0.015104 0.059259
0 0.510677 0.456019 0.017188 0.091667
0 0.309896 0.411574 0.010417 0.039815
0 0.315625 0.411111 0.009375 0.038889
0 0.494010 0.455556 0.010937 0.064815
0 0.285938 0.446296 0.011458 0.050000
