0 0.367708 0.548148 0.051042 0.283333
0 0.558073 0.498148 0.019271 0.101852
0 0.576042 0.500926 0.017708 0.105556
0 0.661979 0.459722 0.019792 0.091667
0 0.533333 0.458333 0.019792 0.096296
0 0.579948 0.456481 0.020313 0.100000
0 0.496615 0.456481 0.022396 0.105556
0 0.319531 0.575463 0.065104 0.334259
0 0.415625 0.531944 0.042708 0.223148
0 0.300781 0.556944 0.049479 0.280556
0 0.272656 0.477315 0.018229 0.087963
0 0.266927 0.470370 0.016146 0.096296
0 0.244271 0.480093 0.021875 0.095370
0 0.235156 0.462963 0.018229 0.077778
0 0.317969 0.484259 0.022396 0.125926
0 0.413542 0.509722 0.043750 0.191667
0 0.567969 0.456019 0.016146 0.071296
0 0.385156 0.475463 0.019271 0.112037
0 0.321354 0.459722 0.013542 0.065741
0 0.299740 0.453241 0.011979 0.065741
0 0.322135 0.456019 0.011979 0.067593
0 0.308333 0.410648 0.010417 0.039815
0 0.315104 0.411111 0.009375 0.038889
0 0.528125 0.451389 0.012500 0.063889
0 0.516406 0.458796 0.010937 0.039815
0 0.411979 0.460185 0.016667 0.088889
