0 0.566927 0.598611 0.083854 0.421296
0 0.557552 0.498611 0.020313 0.097222
0 0.575521 0.500000 0.020833 0.103704
0 0.593750 0.461574 0.019792 0.091667
0 0.513802 0.451389 0.014063 0.071296
0 0.581771 0.454167 0.019792 0.100926
0 0.518229 0.467130 0.018750 0.104630
0 0.558854 0.669444 0.079167 0.590741
0 0.836979 0.598611 0.116667 0.399074
0 0.486719 0.625463 0.089063 0.454630
0 0.210677 0.481944 0.021354 0.102778
0 0.273958 0.471296 0.016667 0.100000
0 0.240625 0.472222 0.015625 0.096296
0 0.224740 0.481481 0.024479 0.094444
0 0.219271 0.466204 0.015625 0.076852
0 0.400781 0.501852 0.038021 0.185185
0 0.811458 0.561574 0.080208 0.356481
0 0.791667 0.528241 0.067708 0.282407
0 0.716146 0.458796 0.025000 0.099074
0 0.611458 0.463889 0.025000 0.100000
0 0.432292 0.450000 0.011458 0.064815
0 0.421354 0.449074 0.013542 0.070370
0 0.329688 0.453241 0.010417 0.054630
0 0.344531 0.450926 0.011979 0.055556
0 0.267969 0.466667 0.011979 0.074074
0 0.308073 0.454167 0.010937 0.056481
0 0.297656 0.454630 0.016146 0.055556
0 0.295052 0.449537 0.009896 0.056481
0 0.316406 0.450000 0.011979 0.051852
0 0.307292 0.450000 0.011458 0.059259
0 0.283073 0.450463 0.010937 0.054630
0 0.531510 0.457407 0.015104 0.075926
0 0.315104 0.426389 0.010417 0.039815
