0 0.767448 0.637500 0.122396 0.521296
0 0.589063 0.473148 0.018750 0.144444
0 0.576562 0.484722 0.025000 0.132407
0 0.495833 0.447222 0.014583 0.066667
0 0.544792 0.460185 0.019792 0.100000
0 0.519010 0.459259 0.018229 0.090741
0 0.807552 0.675926 0.133854 0.646296
0 0.688281 0.661574 0.114062 0.541667
0 0.211979 0.481481 0.026042 0.105556
0 0.229687 0.472685 0.017708 0.100926
0 0.227604 0.473148 0.015625 0.100000
0 0.227344 0.480093 0.022396 0.093519
0 0.227344 0.462500 0.017188 0.076852
0 0.466146 0.517593 0.041667 0.277778
0 0.527865 0.512963 0.052604 0.229630
0 0.463281 0.540741 0.069271 0.264815
0 0.371875 0.525926 0.060417 0.246296
0 0.896615 0.585185 0.079687 0.418519
0 0.388021 0.473611 0.021875 0.121296
0 0.622917 0.456019 0.017708 0.075000
0 0.575000 0.458333 0.015625 0.087037
0 0.564583 0.456944 0.017708 0.089815
0 0.338802 0.462037 0.016146 0.081481
0 0.385677 0.457407 0.014063 0.079630
0 0.304688 0.457870 0.016667 0.073148
0 0.286198 0.460185 0.014063 0.068519
0 0.246094 0.461111 0.013021 0.070370
0 0.284375 0.455556 0.009375 0.057407
0 0.311458 0.449537 0.009375 0.045370
0 0.307812 0.442593 0.009375 0.044444
0 0.311719 0.443981 0.009896 0.045370
0 0.296615 0.432407 0.006771 0.029630
0 0.302865 0.429630 0.006771 0.029630
0 0.576823 0.460185 0.018229 0.090741
