0 0.846354 0.657407 0.052083 0.220370
0 0.319531 0.616204 0.035937 0.228704
0 0.916146 0.519907 0.039583 0.195370
0 0.482031 0.933796 0.041146 0.130556
0 0.351042 0.816667 0.036458 0.231481
0 0.431510 0.208333 0.036979 0.157407
0 0.337240 0.125463 0.020313 0.128704
0 0.245573 0.235185 0.030729 0.153704
0 0.273958 0.243981 0.034375 0.176852
0 0.404687 0.144444 0.027083 0.148148
0 0.395573 0.109259 0.029687 0.151852
0 0.302083 0.038889 0.028125 0.077778
0 0.296354 0.188426 0.030208 0.154630
0 0.169531 0.060648 0.017188 0.121296
0 0.208333 0.177315 0.029167 0.160185
0 0.164062 0.195370 0.026042 0.155556
0 0.199479 0.160185 0.023958 0.161111
0 0.135417 0.205556 0.028125 0.148148
0 0.121094 0.181481 0.032813 0.168519
0 0.151823 0.162037 0.031771 0.157407
0 0.190625 0.147222 0.026042 0.150000
0 0.124740 0.167130 0.020313 0.154630
0 0.467187 0.024074 0.026042 0.048148
0 0.224219 0.940278 0.051562 0.117593
0 0.505208 0.317130 0.034375 0.184259
0 0.459375 0.329167 0.030208 0.180556
0 0.611719 0.645833 0.045312 0.234259
0 0.893490 0.739352 0.044271 0.217593
0 0.896354 0.701852 0.051042 0.237037
0 0.745833 0.026389 0.029167 0.052778
0 0.710156 0.028704 0.023438 0.057407
0 0.980469 0.313426 0.032813 0.175000
0 0.904687 0.271296 0.031250 0.164815
0 0.794531 0.024537 0.027604 0.049074
0 0.770312 0.025926 0.023958 0.051852
0 0.783594 0.269907 0.035937 0.149074
0 0.679427 0.251852 0.033854 0.153704
0 0.460677 0.038426 0.028646 0.076852
0 0.428125 0.031481 0.023958 0.062963
0 0.407552 0.039352 0.026562 0.078704
0 0.264583 0.181019 0.023958 0.145370
0 0.211979 0.573611 0.034375 0.210185
0 0.171875 0.583796 0.045833 0.193519
0 0.241667 0.143981 0.032292 0.158333
0 0.268490 0.130556 0.030729 0.151852
0 0.218750 0.087500 0.032292 0.150926
0 0.246094 0.086111 0.026562 0.140741
0 0.244531 0.049537 0.027604 0.099074
0 0.208594 0.385185 0.038021 0.181481
0 0.170573 0.387963 0.033854 0.187037
0 0.270573 0.379167 0.038021 0.178704
0 0.391667 0.031944 0.031250 0.063889
