0 0.698958 0.637500 0.093750 0.506481
0 0.589323 0.475000 0.021354 0.144444
0 0.575521 0.497222 0.021875 0.107407
0 0.486719 0.444907 0.013021 0.058333
0 0.159635 0.670833 0.213021 0.656481
0 0.557813 0.456944 0.019792 0.100926
0 0.527344 0.458796 0.018229 0.091667
0 0.708594 0.684259 0.115104 0.625926
0 0.628385 0.655093 0.079687 0.528704
0 0.210677 0.481481 0.026562 0.105556
0 0.231510 0.473611 0.018229 0.100926
0 0.227344 0.473148 0.015104 0.100000
0 0.226823 0.480556 0.022396 0.094444
0 0.226302 0.463426 0.017188 0.076852
0 0.456771 0.517130 0.045833 0.278704
0 0.459635 0.518519 0.052604 0.238889
0 0.398698 0.542593 0.047396 0.274074
0 0.324740 0.529630 0.051562 0.255556
0 0.786198 0.562500 0.073438 0.350926
0 0.413021 0.476389 0.026042 0.130556
0 0.632552 0.456481 0.018229 0.079630
0 0.548958 0.458796 0.015625 0.078704
0 0.538021 0.453241 0.013542 0.076852
0 0.332292 0.461111 0.017708 0.077778
0 0.386458 0.455556 0.014583 0.074074
0 0.300000 0.454167 0.015625 0.069444
0 0.280469 0.458333 0.013021 0.064815
0 0.250260 0.462037 0.014063 0.070370
0 0.282031 0.453241 0.008854 0.056481
0 0.310937 0.448611 0.009375 0.045370
0 0.311198 0.443056 0.008854 0.045370
0 0.311719 0.443981 0.009896 0.045370
0 0.537240 0.453704 0.014063 0.072222
