0 0.780990 0.560648 0.067187 0.365741
0 0.328125 0.534722 0.044792 0.247222
0 0.835156 0.558796 0.066146 0.325000
0 0.558854 0.498148 0.018750 0.101852
0 0.576042 0.500926 0.016667 0.105556
0 0.662760 0.460185 0.017188 0.092593
0 0.538542 0.455556 0.020833 0.107407
0 0.582812 0.457407 0.019792 0.100000
0 0.496875 0.455556 0.021875 0.105556
0 0.262760 0.543056 0.065104 0.262037
0 0.349740 0.511574 0.032813 0.173148
0 0.736458 0.462500 0.033333 0.115741
0 0.798698 0.462500 0.026562 0.113889
0 0.273177 0.541204 0.046354 0.230556
0 0.294010 0.472685 0.018229 0.086111
0 0.228125 0.463889 0.020833 0.077778
0 0.311719 0.483333 0.018229 0.124074
0 0.519792 0.456944 0.016667 0.071296
0 0.342187 0.481481 0.019792 0.122222
0 0.306250 0.418056 0.010417 0.039815
0 0.314583 0.414815 0.009375 0.038889
0 0.544271 0.448148 0.012500 0.062963
0 0.360417 0.456944 0.017708 0.078704
