0 0.538802 0.587500 0.090104 0.395370
0 0.557552 0.499537 0.020313 0.097222
0 0.575781 0.500000 0.020313 0.103704
0 0.591667 0.462500 0.019792 0.091667
0 0.519531 0.454630 0.016146 0.081481
0 0.581771 0.455093 0.019792 0.100926
0 0.515625 0.464815 0.018750 0.105556
0 0.513281 0.665741 0.084896 0.577778
0 0.678906 0.575000 0.091146 0.338889
0 0.447135 0.607870 0.072396 0.412037
0 0.226302 0.481019 0.018229 0.102778
0 0.275521 0.469907 0.016667 0.100926
0 0.253646 0.471759 0.015625 0.095370
0 0.224479 0.481944 0.025000 0.093519
0 0.233333 0.463889 0.015625 0.075926
0 0.352083 0.500926 0.032292 0.172222
0 0.685937 0.544444 0.059375 0.307407
0 0.983333 0.554167 0.032292 0.343519
0 0.669531 0.462500 0.025521 0.095370
0 0.580208 0.465278 0.026042 0.106481
0 0.403125 0.451389 0.012500 0.063889
0 0.406510 0.450000 0.011979 0.066667
0 0.318750 0.450463 0.010417 0.054630
0 0.326562 0.450926 0.009375 0.055556
0 0.266667 0.466667 0.011458 0.075926
0 0.312760 0.454630 0.010937 0.057407
0 0.299740 0.456481 0.009896 0.057407
0 0.292448 0.451389 0.011979 0.060185
0 0.319010 0.451389 0.011979 0.052778
0 0.305729 0.450000 0.011458 0.059259
0 0.278646 0.452778 0.014583 0.057407
0 0.523958 0.457870 0.016667 0.084259
0 0.312500 0.419907 0.010417 0.039815
0 0.317708 0.416667 0.009375 0.038889
