0 0.660937 0.614815 0.089583 0.483333
0 0.585156 0.478241 0.023438 0.137963
0 0.575521 0.499537 0.022917 0.102778
0 0.488542 0.446759 0.013542 0.060185
0 0.539583 0.662500 0.200000 0.673148
0 0.569271 0.455556 0.019792 0.101852
0 0.527344 0.458796 0.018229 0.093519
0 0.646354 0.681481 0.120833 0.620370
0 0.577344 0.634722 0.079687 0.486111
0 0.210156 0.481481 0.026562 0.105556
0 0.233333 0.473148 0.017708 0.101852
0 0.227083 0.473148 0.015625 0.100000
0 0.226302 0.480556 0.022396 0.094444
0 0.225521 0.463426 0.016667 0.076852
0 0.434375 0.518981 0.044792 0.280556
0 0.405729 0.530093 0.068750 0.247222
0 0.338542 0.549537 0.056250 0.286111
0 0.271875 0.541667 0.056250 0.281481
0 0.714844 0.548148 0.088021 0.305556
0 0.433854 0.479167 0.027083 0.141667
0 0.640104 0.456944 0.017708 0.084259
0 0.533594 0.456944 0.016146 0.075000
0 0.521875 0.452315 0.013542 0.071296
0 0.331771 0.460648 0.015625 0.073148
0 0.384115 0.453241 0.013021 0.069444
0 0.294271 0.455093 0.013542 0.067593
0 0.278646 0.457407 0.012500 0.062963
0 0.253646 0.461574 0.013542 0.071296
0 0.281510 0.450926 0.009896 0.051852
0 0.310937 0.447685 0.009375 0.045370
0 0.314323 0.443056 0.008854 0.045370
0 0.311719 0.443981 0.009896 0.045370
0 0.538281 0.454167 0.013021 0.071296
0 0.586719 0.462037 0.018229 0.092593
