0 0.661979 0.615278 0.089583 0.484259
0 0.585417 0.478241 0.022917 0.137963
0 0.575521 0.499537 0.022917 0.102778
0 0.488542 0.446296 0.013542 0.059259
0 0.519792 0.660648 0.200000 0.676852
0 0.568750 0.455556 0.019792 0.101852
0 0.527344 0.458796 0.018229 0.093519
0 0.649479 0.681481 0.121875 0.620370
0 0.579167 0.635185 0.081250 0.485185
0 0.210156 0.481481 0.026562 0.105556
0 0.233073 0.473148 0.018229 0.101852
0 0.227083 0.473148 0.015625 0.100000
0 0.226302 0.480556 0.022396 0.094444
0 0.225521 0.463426 0.016667 0.076852
0 0.435677 0.518981 0.045312 0.280556
0 0.406250 0.530093 0.068750 0.247222
0 0.341667 0.548611 0.053125 0.284259
0 0.275260 0.540278 0.053646 0.280556
0 0.716667 0.547685 0.084375 0.306481
0 0.433073 0.478704 0.026562 0.140741
0 0.639844 0.456944 0.018229 0.084259
0 0.534375 0.456944 0.016667 0.075000
0 0.522917 0.452778 0.013542 0.072222
0 0.331771 0.461111 0.015625 0.074074
0 0.384375 0.453704 0.013542 0.070370
0 0.294271 0.455093 0.013542 0.067593
0 0.278646 0.457407 0.012500 0.062963
0 0.253646 0.461574 0.013542 0.071296
0 0.281510 0.450926 0.009896 0.051852
0 0.310937 0.447685 0.009375 0.045370
0 0.314323 0.443056 0.008854 0.045370
0 0.311719 0.443981 0.009896 0.045370
0 0.538542 0.454167 0.012500 0.071296
0 0.586719 0.462037 0.018229 0.092593
