0 0.509375 0.587500 0.065625 0.384259
0 0.557552 0.500463 0.020313 0.097222
0 0.575781 0.500463 0.019271 0.104630
0 0.591667 0.462500 0.019792 0.091667
0 0.522396 0.456019 0.017708 0.086111
0 0.581771 0.455093 0.019792 0.100926
0 0.514323 0.463889 0.018229 0.105556
0 0.464062 0.648148 0.142708 0.542593
0 0.612760 0.571296 0.063021 0.322222
0 0.421615 0.601852 0.066146 0.392593
0 0.232813 0.481019 0.023958 0.100926
0 0.276302 0.469907 0.017188 0.100926
0 0.257031 0.471759 0.016146 0.095370
0 0.225521 0.482407 0.023958 0.092593
0 0.252083 0.463889 0.015625 0.075926
0 0.332813 0.499537 0.027083 0.167593
0 0.629687 0.540278 0.055208 0.287963
0 0.648177 0.462037 0.023438 0.092593
0 0.560677 0.471296 0.022396 0.118519
0 0.390365 0.451389 0.009896 0.062037
0 0.398698 0.450463 0.009896 0.067593
0 0.314323 0.449074 0.009896 0.055556
0 0.267448 0.466667 0.010937 0.075926
0 0.314323 0.454630 0.010937 0.057407
0 0.300781 0.456481 0.009896 0.057407
0 0.291927 0.451389 0.011979 0.060185
0 0.320573 0.453241 0.011979 0.052778
0 0.308333 0.450926 0.011458 0.059259
0 0.278125 0.453241 0.014583 0.058333
0 0.519792 0.457407 0.016667 0.088889
0 0.311458 0.417130 0.010417 0.039815
0 0.316667 0.413889 0.009375 0.038889
0 0.281771 0.446296 0.011458 0.050000
