0 0.545312 0.596759 0.086458 0.402778
0 0.557552 0.499537 0.020313 0.097222
0 0.575781 0.500000 0.020313 0.103704
0 0.591667 0.462500 0.019792 0.091667
0 0.518490 0.453704 0.016146 0.079630
0 0.581771 0.455093 0.019792 0.100926
0 0.516146 0.465278 0.018750 0.104630
0 0.529427 0.671296 0.084896 0.588889
0 0.699219 0.580093 0.097396 0.352778
0 0.455729 0.618519 0.068750 0.433333
0 0.223438 0.480556 0.020833 0.101852
0 0.275000 0.470370 0.016667 0.100000
0 0.252083 0.471759 0.015625 0.095370
0 0.224479 0.481944 0.025000 0.093519
0 0.229687 0.464815 0.015625 0.075926
0 0.359115 0.503241 0.032813 0.173148
0 0.704948 0.548611 0.085938 0.315741
0 0.956771 0.547685 0.085417 0.343519
0 0.678125 0.462963 0.026042 0.096296
0 0.587760 0.465278 0.031771 0.106481
0 0.407813 0.452315 0.012500 0.065741
0 0.409375 0.449074 0.013542 0.068519
0 0.320833 0.452315 0.010417 0.054630
0 0.329688 0.450926 0.009375 0.055556
0 0.266406 0.466667 0.011979 0.075926
0 0.312240 0.454630 0.010937 0.057407
0 0.299219 0.456481 0.009896 0.057407
0 0.293229 0.450926 0.011458 0.059259
0 0.317969 0.451389 0.011979 0.052778
0 0.305729 0.450000 0.011458 0.059259
0 0.279167 0.452315 0.014583 0.056481
0 0.525260 0.457870 0.016146 0.082407
0 0.313021 0.421759 0.010417 0.039815
0 0.318750 0.418519 0.009375 0.038889
