0 0.724219 0.637037 0.095312 0.511111
0 0.588802 0.474074 0.019271 0.144444
0 0.575521 0.493056 0.020833 0.115741
0 0.489063 0.445370 0.013542 0.061111
0 0.073438 0.678704 0.146875 0.640741
0 0.552604 0.458333 0.019792 0.100000
0 0.525260 0.459259 0.018229 0.090741
0 0.756510 0.682407 0.118229 0.633333
0 0.646875 0.661574 0.086458 0.541667
0 0.211198 0.481481 0.026562 0.105556
0 0.230729 0.473611 0.017708 0.100926
0 0.227604 0.473148 0.015625 0.100000
0 0.226823 0.480556 0.022396 0.094444
0 0.226823 0.462500 0.017188 0.076852
0 0.458854 0.518056 0.042708 0.278704
0 0.480208 0.514352 0.055208 0.234259
0 0.417448 0.540741 0.052604 0.275926
0 0.347135 0.527778 0.042188 0.253704
0 0.830729 0.565278 0.085417 0.365741
0 0.403385 0.473611 0.022396 0.128704
0 0.629167 0.456019 0.017708 0.078704
0 0.556250 0.461111 0.015625 0.085185
0 0.547656 0.458333 0.018229 0.077778
0 0.332292 0.461111 0.017708 0.077778
0 0.386979 0.456481 0.014583 0.075926
0 0.302083 0.455556 0.016667 0.072222
0 0.282552 0.458796 0.013021 0.065741
0 0.248698 0.461111 0.014063 0.070370
0 0.282552 0.454167 0.008854 0.058333
0 0.311458 0.449537 0.009375 0.045370
0 0.309635 0.443519 0.008854 0.044444
0 0.311719 0.443981 0.009896 0.045370
0 0.536198 0.453704 0.015104 0.072222
0 0.582812 0.460185 0.017708 0.092593
