0 0.567187 0.603241 0.083333 0.428704
0 0.557813 0.498148 0.020833 0.098148
0 0.575521 0.500000 0.020833 0.103704
0 0.593229 0.461574 0.019792 0.091667
0 0.511198 0.450926 0.014063 0.070370
0 0.581771 0.454167 0.019792 0.100926
0 0.522917 0.466204 0.018750 0.104630
0 0.572396 0.659722 0.089583 0.578704
0 0.900260 0.615278 0.081771 0.445370
0 0.501042 0.632407 0.072917 0.485185
0 0.209896 0.481019 0.021875 0.102778
0 0.272396 0.471296 0.018750 0.100000
0 0.236458 0.472222 0.015625 0.100000
0 0.225000 0.481481 0.023958 0.094444
0 0.219531 0.465278 0.016146 0.076852
0 0.030990 0.582407 0.061979 0.424074
0 0.422396 0.507407 0.037500 0.194444
0 0.867969 0.566667 0.076563 0.375926
0 0.727344 0.522685 0.055729 0.260185
0 0.736458 0.459722 0.028125 0.099074
0 0.624740 0.461111 0.024479 0.098148
0 0.446354 0.448148 0.011458 0.064815
0 0.428125 0.448148 0.013542 0.070370
0 0.332292 0.451852 0.009375 0.055556
0 0.352865 0.450000 0.011979 0.055556
0 0.269271 0.465741 0.012500 0.074074
0 0.307292 0.453241 0.011458 0.054630
0 0.297396 0.453704 0.012500 0.053704
0 0.296094 0.449074 0.009896 0.055556
0 0.316406 0.449537 0.011979 0.050926
0 0.307552 0.448611 0.010937 0.056481
0 0.285156 0.451389 0.010937 0.056481
0 0.534635 0.457870 0.015104 0.073148
0 0.315625 0.428241 0.010417 0.039815
