0 0.698177 0.637963 0.093229 0.503704
0 0.589583 0.475000 0.021875 0.144444
0 0.575521 0.497222 0.022917 0.107407
0 0.486719 0.444907 0.013021 0.058333
0 0.174219 0.670370 0.209896 0.657407
0 0.558333 0.456944 0.019792 0.100926
0 0.527344 0.458796 0.018229 0.091667
0 0.704688 0.684722 0.121875 0.625000
0 0.627344 0.653241 0.080729 0.525000
0 0.210677 0.481481 0.026562 0.105556
0 0.231510 0.473611 0.018229 0.100926
0 0.227344 0.473148 0.015104 0.100000
0 0.226823 0.480556 0.022396 0.094444
0 0.226302 0.463426 0.017188 0.076852
0 0.457031 0.517130 0.046354 0.278704
0 0.458073 0.519444 0.053646 0.238889
0 0.395052 0.543056 0.047396 0.273148
0 0.321615 0.529630 0.056771 0.255556
0 0.782292 0.563426 0.078125 0.349074
0 0.414062 0.475926 0.026042 0.131481
0 0.632812 0.456481 0.017708 0.079630
0 0.548438 0.458796 0.015625 0.078704
0 0.537240 0.453241 0.014063 0.076852
0 0.332292 0.461111 0.017708 0.077778
0 0.386458 0.455556 0.014583 0.074074
0 0.299740 0.454167 0.015104 0.069444
0 0.280469 0.458333 0.013021 0.064815
0 0.250781 0.462037 0.014063 0.070370
0 0.282031 0.453241 0.008854 0.056481
0 0.310937 0.448611 0.009375 0.045370
0 0.311458 0.443056 0.009375 0.045370
0 0.311719 0.443981 0.009896 0.045370
0 0.537240 0.453704 0.014063 0.072222
