0 0.618229 0.613426 0.087500 0.462037
0 0.575781 0.484722 0.022396 0.125000
0 0.575521 0.499537 0.022917 0.102778
0 0.493229 0.449074 0.013542 0.064815
0 0.580729 0.455093 0.019792 0.102778
0 0.527344 0.458796 0.018229 0.095370
0 0.607031 0.654167 0.099479 0.560185
0 0.547917 0.629167 0.066667 0.476852
0 0.210938 0.482407 0.027083 0.103704
0 0.246615 0.472222 0.019271 0.101852
0 0.227083 0.473148 0.015625 0.100000
0 0.225781 0.481019 0.022396 0.095370
0 0.223958 0.464352 0.016667 0.076852
0 0.377865 0.531481 0.075521 0.309259
0 0.308333 0.537037 0.063542 0.266667
0 0.267708 0.560648 0.082292 0.302778
0 0.169792 0.556481 0.059375 0.316667
0 0.618750 0.531481 0.051042 0.255556
0 0.471354 0.484722 0.031250 0.162037
0 0.651823 0.457407 0.018229 0.088889
0 0.515365 0.455556 0.014063 0.072222
0 0.503906 0.451852 0.013021 0.072222
0 0.331250 0.458796 0.014583 0.071296
0 0.380208 0.451389 0.012500 0.065741
0 0.287500 0.454167 0.012500 0.065741
0 0.276562 0.456019 0.012500 0.062037
0 0.260156 0.462037 0.013021 0.075926
0 0.280990 0.450000 0.009896 0.050000
0 0.309375 0.448611 0.009375 0.047222
0 0.300781 0.449537 0.008854 0.050926
0 0.314583 0.445833 0.009375 0.049074
0 0.310937 0.444444 0.010417 0.048148
0 0.289583 0.448148 0.009375 0.051852
0 0.536198 0.453241 0.013021 0.067593
0 0.586719 0.462037 0.018229 0.092593
