0 0.494271 0.581019 0.067708 0.365741
0 0.557292 0.500000 0.019792 0.098148
0 0.575781 0.500463 0.019271 0.104630
0 0.594792 0.462500 0.019792 0.091667
0 0.524219 0.456944 0.018229 0.089815
0 0.581771 0.455093 0.019792 0.100926
0 0.513281 0.462963 0.018229 0.105556
0 0.421354 0.645833 0.096875 0.539815
0 0.580208 0.564352 0.080208 0.302778
0 0.413542 0.593981 0.066667 0.349074
0 0.238802 0.481481 0.021354 0.100000
0 0.276302 0.470833 0.017188 0.100926
0 0.259115 0.472685 0.016146 0.095370
0 0.225260 0.482407 0.023438 0.094444
0 0.251823 0.462500 0.016146 0.076852
0 0.325260 0.499074 0.027604 0.157407
0 0.604948 0.534722 0.066146 0.273148
0 0.638542 0.461574 0.021875 0.091667
0 0.548958 0.468056 0.023958 0.112037
0 0.384115 0.451389 0.009896 0.062037
0 0.392188 0.449074 0.010417 0.064815
0 0.311719 0.448611 0.009896 0.056481
0 0.267708 0.466667 0.010417 0.075926
0 0.315365 0.455093 0.013021 0.058333
0 0.301042 0.456481 0.010417 0.057407
0 0.291406 0.451852 0.011979 0.061111
0 0.321615 0.453241 0.011979 0.052778
0 0.309896 0.450926 0.011458 0.059259
0 0.277604 0.453241 0.014583 0.058333
0 0.517448 0.457407 0.017188 0.090741
0 0.310937 0.415278 0.010417 0.039815
0 0.316146 0.412037 0.009375 0.038889
0 0.283333 0.446296 0.011458 0.050000
