0 0.924219 0.589352 0.133854 0.447222
0 0.342708 0.535185 0.043750 0.253704
0 0.964844 0.574074 0.069271 0.377778
0 0.558594 0.498148 0.019271 0.101852
0 0.576042 0.500926 0.016667 0.105556
0 0.664323 0.460185 0.017188 0.092593
0 0.536458 0.462037 0.020833 0.107407
0 0.581771 0.457407 0.019792 0.100000
0 0.494531 0.455556 0.022396 0.105556
0 0.279427 0.552315 0.058854 0.282407
0 0.363021 0.519444 0.035417 0.183333
0 0.774740 0.457870 0.034896 0.119444
0 0.283333 0.543056 0.045833 0.239815
0 0.294010 0.471296 0.018229 0.087037
0 0.265365 0.469444 0.014063 0.094444
0 0.228385 0.463889 0.020313 0.077778
0 0.313281 0.483796 0.021354 0.125000
0 0.537500 0.456019 0.016667 0.071296
0 0.344792 0.480556 0.019792 0.116667
0 0.325000 0.462037 0.013542 0.068519
0 0.306250 0.413426 0.010417 0.039815
0 0.314583 0.411111 0.009375 0.038889
0 0.541146 0.447685 0.012500 0.063889
0 0.377865 0.457870 0.017188 0.086111
