0 0.567448 0.601389 0.082812 0.425000
0 0.557813 0.498148 0.020833 0.098148
0 0.575521 0.500000 0.020833 0.103704
0 0.593750 0.461574 0.019792 0.091667
0 0.512760 0.450926 0.014063 0.070370
0 0.581771 0.454167 0.019792 0.100926
0 0.520312 0.467130 0.018750 0.104630
0 0.563021 0.666204 0.079167 0.587963
0 0.858073 0.607407 0.124479 0.418519
0 0.492188 0.626852 0.086458 0.464815
0 0.209896 0.481019 0.021875 0.102778
0 0.273438 0.471296 0.016667 0.100000
0 0.238542 0.472222 0.015625 0.098148
0 0.224740 0.481481 0.024479 0.094444
0 0.219271 0.465278 0.015625 0.076852
0 0.410677 0.504167 0.032813 0.189815
0 0.830729 0.563426 0.098958 0.365741
0 0.762760 0.523611 0.076563 0.267593
0 0.724740 0.460185 0.027604 0.098148
0 0.616667 0.463889 0.025000 0.100000
0 0.439063 0.449074 0.011458 0.064815
0 0.423958 0.448148 0.013542 0.070370
0 0.330990 0.452315 0.009896 0.054630
0 0.348698 0.450926 0.011979 0.055556
0 0.268490 0.466667 0.011979 0.074074
0 0.307552 0.453704 0.010937 0.055556
0 0.298177 0.454167 0.016146 0.054630
0 0.295573 0.449074 0.009896 0.055556
0 0.316406 0.449537 0.011979 0.050926
0 0.307552 0.449537 0.010937 0.058333
0 0.284115 0.450926 0.010937 0.055556
0 0.533073 0.457870 0.015104 0.075000
0 0.315625 0.427315 0.010417 0.039815
