0 0.621875 0.610185 0.083333 0.479630
0 0.564844 0.492130 0.021354 0.108333
0 0.575521 0.499537 0.021875 0.102778
0 0.498437 0.449537 0.013542 0.069444
0 0.583854 0.455093 0.019792 0.102778
0 0.523438 0.463426 0.018750 0.099074
0 0.614062 0.656019 0.110417 0.562037
0 0.532552 0.628704 0.072396 0.475926
0 0.208854 0.481481 0.026042 0.103704
0 0.255729 0.471296 0.018750 0.101852
0 0.229167 0.472222 0.015625 0.100000
0 0.225521 0.481019 0.022917 0.095370
0 0.222656 0.464352 0.016146 0.076852
0 0.289062 0.544907 0.072917 0.341667
0 0.172656 0.555556 0.090104 0.296296
0 0.125781 0.585648 0.088021 0.352778
0 0.015885 0.577315 0.031771 0.350926
0 0.539062 0.522222 0.046875 0.227778
0 0.526563 0.498148 0.042708 0.187037
0 0.825000 0.455093 0.023958 0.100926
0 0.663021 0.457870 0.021875 0.089815
0 0.498177 0.451852 0.011979 0.064815
0 0.477604 0.449074 0.013542 0.070370
0 0.333854 0.456019 0.014583 0.065741
0 0.373437 0.450926 0.012500 0.061111
0 0.280208 0.454167 0.012500 0.060185
0 0.264323 0.462500 0.011979 0.076852
0 0.281250 0.450926 0.009375 0.048148
0 0.308854 0.450463 0.010417 0.050926
0 0.298958 0.451852 0.009375 0.053704
0 0.315885 0.447222 0.009896 0.048148
0 0.309635 0.445833 0.009896 0.050926
0 0.289844 0.449537 0.009896 0.052778
0 0.535156 0.454630 0.014063 0.070370
0 0.586719 0.462037 0.018229 0.092593
