0 0.844792 0.654630 0.048958 0.214815
0 0.265104 0.048611 0.031250 0.097222
0 0.299740 0.609722 0.051562 0.221296
0 0.914583 0.518981 0.048958 0.193519
0 0.516927 0.932407 0.039062 0.133333
0 0.351042 0.816667 0.036458 0.231481
0 0.433594 0.213426 0.033854 0.156481
0 0.512760 0.023611 0.025521 0.047222
0 0.485417 0.022222 0.027083 0.044444
0 0.333854 0.126852 0.019792 0.131481
0 0.146094 0.315741 0.030729 0.170370
0 0.115625 0.308796 0.036458 0.186111
0 0.605729 0.925926 0.053125 0.146296
0 0.641667 0.932870 0.047917 0.132407
0 0.402865 0.145370 0.022396 0.140741
0 0.412760 0.124074 0.026562 0.159259
0 0.297656 0.041204 0.022396 0.082407
0 0.271094 0.147222 0.023438 0.144444
0 0.151042 0.985185 0.043750 0.027778
0 0.194792 0.957870 0.052083 0.082407
0 0.301042 0.183796 0.030208 0.163889
0 0.156771 0.072685 0.030208 0.145370
0 0.200521 0.183333 0.026042 0.159259
0 0.163021 0.193056 0.025000 0.156481
0 0.199219 0.165741 0.024479 0.159259
0 0.133073 0.198611 0.024479 0.147222
0 0.120052 0.181019 0.026562 0.167593
0 0.150521 0.166204 0.029167 0.162037
0 0.157552 0.143519 0.027604 0.151852
0 0.118229 0.174074 0.020833 0.159259
0 0.468490 0.039352 0.025521 0.078704
0 0.197135 0.369444 0.033854 0.188889
0 0.265885 0.100000 0.031771 0.161111
0 0.817969 0.957870 0.046354 0.082407
0 0.774740 0.969444 0.041146 0.059259
0 0.865625 0.275463 0.038542 0.175000
0 0.810417 0.260648 0.031250 0.165741
0 0.786458 0.071296 0.030208 0.131481
0 0.839323 0.043056 0.027604 0.086111
0 0.798698 0.039815 0.026562 0.079630
0 0.247396 0.158796 0.023958 0.158333
0 0.228906 0.168056 0.023438 0.139815
0 0.191927 0.046296 0.024479 0.092593
0 0.233854 0.058796 0.030208 0.117593
0 0.197135 0.055093 0.027604 0.110185
0 0.239323 0.046296 0.023438 0.092593
