0 0.619010 0.612963 0.086979 0.461111
0 0.575260 0.485185 0.022396 0.124074
0 0.575521 0.499537 0.022917 0.102778
0 0.493750 0.449074 0.013542 0.064815
0 0.581250 0.455093 0.019792 0.102778
0 0.527344 0.458796 0.018229 0.095370
0 0.609375 0.654630 0.098958 0.559259
0 0.547135 0.629167 0.066146 0.476852
0 0.211458 0.482407 0.027083 0.103704
0 0.247135 0.472222 0.019271 0.101852
0 0.227083 0.472222 0.015625 0.100000
0 0.225781 0.481019 0.022396 0.095370
0 0.223958 0.464352 0.016667 0.076852
0 0.374740 0.532870 0.078646 0.310185
0 0.301823 0.539352 0.072396 0.269444
0 0.257552 0.560648 0.066146 0.302778
0 0.161719 0.559259 0.068229 0.318519
0 0.611979 0.530556 0.050000 0.251852
0 0.472656 0.486111 0.031771 0.162963
0 0.652865 0.457407 0.018229 0.088889
0 0.514323 0.456481 0.014063 0.072222
0 0.502865 0.452315 0.013021 0.073148
0 0.331250 0.458796 0.014583 0.071296
0 0.379948 0.451389 0.013021 0.065741
0 0.287240 0.454167 0.013021 0.065741
0 0.276042 0.456019 0.012500 0.062037
0 0.260677 0.462037 0.013021 0.075926
0 0.280990 0.450000 0.009896 0.050000
0 0.309375 0.448611 0.009375 0.047222
0 0.300781 0.449537 0.008854 0.050926
0 0.314583 0.445833 0.009375 0.049074
0 0.310937 0.444444 0.010417 0.048148
0 0.290104 0.448148 0.009375 0.051852
0 0.536198 0.453241 0.013021 0.067593
0 0.586719 0.462037 0.018229 0.092593
