0 0.716667 0.564352 0.095833 0.452778
0 0.505208 0.474074 0.037500 0.162963
0 0.415365 0.449074 0.021354 0.107407
0 0.049740 0.502315 0.044271 0.189815
0 0.072396 0.480556 0.038542 0.179630
0 0.276562 0.455556 0.025000 0.118519
0 0.388021 0.451852 0.020833 0.103704
0 0.015625 0.507407 0.031250 0.187037
0 0.377604 0.437963 0.017708 0.083333
0 0.082292 0.475926 0.025000 0.129630
0 0.444792 0.441667 0.021875 0.105556
0 0.412240 0.442130 0.017188 0.099074
0 0.196354 0.451389 0.010417 0.063889
0 0.184635 0.442593 0.010937 0.061111
0 0.166406 0.443056 0.009896 0.054630
0 0.177344 0.443981 0.010937 0.050926
0 0.333854 0.432407 0.013542 0.062963
