0 0.562240 0.596296 0.082812 0.414815
0 0.557552 0.498611 0.020313 0.097222
0 0.575781 0.500000 0.020313 0.103704
0 0.591667 0.462500 0.019792 0.091667
0 0.515885 0.452778 0.015104 0.074074
0 0.581771 0.455093 0.019792 0.100926
0 0.517448 0.466667 0.018229 0.105556
0 0.546094 0.670833 0.082812 0.591667
0 0.772656 0.596759 0.105729 0.384259
0 0.466667 0.625926 0.075000 0.455556
0 0.214323 0.482407 0.020313 0.103704
0 0.274479 0.471296 0.016667 0.100000
0 0.245312 0.472222 0.015625 0.096296
0 0.224740 0.481944 0.024479 0.093519
0 0.221354 0.465741 0.015625 0.075926
0 0.384375 0.502778 0.038542 0.179630
0 0.762240 0.558333 0.083854 0.338889
0 0.857031 0.537037 0.066146 0.309259
0 0.698177 0.460185 0.025521 0.096296
0 0.592708 0.463889 0.025000 0.100000
0 0.420573 0.450463 0.015104 0.065741
0 0.417187 0.449074 0.013542 0.070370
0 0.325521 0.452315 0.010417 0.054630
0 0.339583 0.451852 0.012500 0.055556
0 0.267448 0.466667 0.011979 0.074074
0 0.309635 0.454630 0.010937 0.057407
0 0.297656 0.455556 0.011979 0.057407
0 0.293750 0.450463 0.010417 0.058333
0 0.316406 0.450463 0.011979 0.052778
0 0.306771 0.450000 0.011458 0.059259
0 0.283073 0.450463 0.010937 0.054630
0 0.529167 0.457870 0.015625 0.078704
0 0.315104 0.424537 0.010417 0.039815
0 0.320312 0.422222 0.009375 0.038889
