0 0.844792 0.654630 0.048958 0.214815
0 0.263021 0.045370 0.031250 0.090741
0 0.285417 0.608796 0.055208 0.221296
0 0.914844 0.518981 0.049479 0.193519
0 0.507292 0.929167 0.038542 0.139815
0 0.351042 0.816667 0.036458 0.231481
0 0.433333 0.213426 0.033333 0.156481
0 0.510677 0.021759 0.025521 0.043519
0 0.483594 0.020370 0.027604 0.040741
0 0.333854 0.126852 0.019792 0.131481
0 0.149479 0.311574 0.030208 0.169444
0 0.121094 0.303704 0.031771 0.187037
0 0.608073 0.933796 0.052604 0.130556
0 0.639844 0.940278 0.044271 0.117593
0 0.402604 0.145370 0.022917 0.140741
0 0.408594 0.122685 0.026562 0.158333
0 0.297917 0.040741 0.022917 0.081481
0 0.269531 0.139352 0.023438 0.143519
0 0.194792 0.968519 0.052083 0.061111
0 0.299479 0.184722 0.032292 0.162037
0 0.155469 0.069907 0.028646 0.139815
0 0.200260 0.183333 0.025521 0.159259
0 0.163021 0.193056 0.025000 0.156481
0 0.199479 0.164815 0.025000 0.159259
0 0.134115 0.198611 0.023438 0.147222
0 0.121094 0.181019 0.026562 0.167593
0 0.150000 0.166204 0.029167 0.162037
0 0.157031 0.144444 0.027604 0.151852
0 0.118229 0.174074 0.020833 0.159259
0 0.469792 0.039352 0.026042 0.078704
0 0.194792 0.377778 0.034375 0.190741
0 0.261979 0.093981 0.031250 0.156481
0 0.807552 0.948611 0.046354 0.100926
0 0.765365 0.958333 0.040104 0.081481
0 0.863542 0.269444 0.035417 0.174074
0 0.804427 0.255093 0.030729 0.163889
0 0.786458 0.071296 0.030208 0.131481
0 0.833073 0.040278 0.027604 0.080556
0 0.792969 0.037963 0.026562 0.075926
0 0.251302 0.165741 0.023438 0.161111
0 0.230729 0.171759 0.027083 0.143519
0 0.189323 0.048611 0.024479 0.097222
0 0.233073 0.062963 0.029687 0.125926
0 0.197656 0.056944 0.028646 0.113889
0 0.237240 0.050926 0.023438 0.101852
0 0.848437 0.010185 0.015625 0.020370
0 0.646615 0.057407 0.023438 0.114815
