0 0.900521 0.579167 0.113542 0.425000
0 0.337760 0.535648 0.045312 0.250926
0 0.939844 0.569907 0.119271 0.369444
0 0.558854 0.498148 0.018750 0.101852
0 0.576042 0.500926 0.016667 0.105556
0 0.664323 0.460185 0.017188 0.092593
0 0.536979 0.462037 0.020833 0.107407
0 0.582031 0.457407 0.020313 0.100000
0 0.495052 0.455556 0.022396 0.105556
0 0.277083 0.547685 0.059375 0.273148
0 0.359896 0.518056 0.035417 0.182407
0 0.773177 0.458796 0.031771 0.119444
0 0.824219 0.460648 0.027604 0.113889
0 0.283333 0.541204 0.045833 0.234259
0 0.294010 0.471296 0.018229 0.087037
0 0.265365 0.469444 0.014063 0.094444
0 0.228385 0.463889 0.020313 0.077778
0 0.312240 0.483796 0.019271 0.125000
0 0.533333 0.456019 0.016667 0.071296
0 0.343750 0.482407 0.019792 0.120370
0 0.306250 0.414352 0.010417 0.039815
0 0.314583 0.412037 0.009375 0.038889
0 0.541146 0.447685 0.012500 0.063889
0 0.374479 0.457407 0.017708 0.083333
