0 0.845052 0.654630 0.049479 0.214815
0 0.253125 0.035185 0.031250 0.070370
0 0.238281 0.604630 0.041146 0.229630
0 0.916667 0.518981 0.052083 0.193519
0 0.470052 0.929167 0.039062 0.139815
0 0.351042 0.816667 0.036458 0.231481
0 0.433333 0.213889 0.032292 0.157407
0 0.502083 0.012963 0.025000 0.025926
0 0.339062 0.125926 0.020833 0.129630
0 0.158854 0.292593 0.029167 0.164815
0 0.133333 0.289352 0.030208 0.180556
0 0.594010 0.967593 0.052604 0.062963
0 0.638021 0.971296 0.048958 0.055556
0 0.403125 0.145833 0.023958 0.141667
0 0.403646 0.121296 0.027083 0.159259
0 0.298177 0.040741 0.023438 0.081481
0 0.262500 0.112500 0.022917 0.134259
0 0.304688 0.183796 0.026042 0.163889
0 0.165365 0.063889 0.026562 0.127778
0 0.200000 0.183333 0.025000 0.159259
0 0.163021 0.193519 0.025000 0.155556
0 0.195573 0.166667 0.026562 0.157407
0 0.129688 0.199074 0.027083 0.148148
0 0.122135 0.181019 0.026562 0.167593
0 0.151042 0.168056 0.029167 0.162037
0 0.156771 0.141667 0.027083 0.151852
0 0.118229 0.174074 0.020833 0.159259
0 0.472917 0.033333 0.026042 0.066667
0 0.183594 0.414352 0.035937 0.193519
0 0.257031 0.068519 0.027604 0.137037
0 0.759896 0.909259 0.055208 0.179630
0 0.714063 0.917130 0.042708 0.163889
0 0.863281 0.233796 0.039062 0.167593
0 0.792188 0.232870 0.028125 0.158333
0 0.786458 0.071296 0.030208 0.131481
0 0.813021 0.028241 0.027083 0.056481
0 0.776302 0.022222 0.025521 0.044444
0 0.260937 0.187963 0.022917 0.162963
0 0.235156 0.187037 0.036979 0.144444
0 0.163542 0.050926 0.029167 0.101852
0 0.226562 0.074074 0.028125 0.146296
0 0.197396 0.071759 0.026042 0.141667
0 0.229687 0.063889 0.022917 0.127778
0 0.843750 0.016204 0.018750 0.032407
0 0.602865 0.049074 0.032813 0.098148
