0 0.934635 0.590741 0.129688 0.453704
0 0.344271 0.536111 0.044792 0.255556
0 0.558594 0.498148 0.019271 0.101852
0 0.576042 0.500926 0.016667 0.105556
0 0.664844 0.460185 0.017188 0.092593
0 0.535937 0.462037 0.020833 0.107407
0 0.581771 0.457407 0.019792 0.100000
0 0.494531 0.455556 0.022396 0.105556
0 0.279427 0.552778 0.058854 0.287037
0 0.364583 0.518981 0.036458 0.186111
0 0.779948 0.457870 0.032813 0.119444
0 0.283333 0.543519 0.045833 0.242593
0 0.294010 0.471296 0.018229 0.087037
0 0.265365 0.469444 0.014063 0.094444
0 0.228385 0.463889 0.020313 0.077778
0 0.313281 0.483333 0.021354 0.124074
0 0.538021 0.456019 0.016667 0.071296
0 0.345052 0.479630 0.019271 0.114815
0 0.324479 0.462037 0.013542 0.068519
0 0.306250 0.413426 0.010417 0.039815
0 0.314583 0.411111 0.009375 0.038889
0 0.541146 0.448611 0.012500 0.063889
0 0.379948 0.457407 0.017188 0.087037
