0 0.845052 0.654630 0.049479 0.214815
0 0.256771 0.037963 0.031250 0.075926
0 0.253906 0.606944 0.041146 0.225000
0 0.916146 0.518981 0.051042 0.193519
0 0.483333 0.929167 0.038542 0.139815
0 0.351042 0.816667 0.036458 0.231481
0 0.433594 0.213889 0.032813 0.157407
0 0.505208 0.015741 0.025000 0.031481
0 0.338021 0.125926 0.020833 0.129630
0 0.156250 0.299537 0.030208 0.169444
0 0.129167 0.296296 0.028125 0.185185
0 0.603906 0.954630 0.052604 0.088889
0 0.639062 0.960185 0.044792 0.077778
0 0.403646 0.147685 0.021875 0.141667
0 0.403385 0.121759 0.027604 0.158333
0 0.298177 0.040741 0.023438 0.081481
0 0.264844 0.123148 0.023438 0.138889
0 0.301823 0.185185 0.029687 0.161111
0 0.163802 0.067130 0.026562 0.134259
0 0.200000 0.183333 0.025000 0.159259
0 0.163021 0.193056 0.025000 0.156481
0 0.197135 0.164815 0.026562 0.157407
0 0.130729 0.199074 0.025000 0.148148
0 0.122656 0.181019 0.026562 0.167593
0 0.151562 0.167130 0.029167 0.162037
0 0.157031 0.142593 0.027604 0.151852
0 0.118229 0.174074 0.020833 0.159259
0 0.472396 0.035185 0.026042 0.070370
0 0.189062 0.400926 0.035417 0.190741
0 0.258854 0.075000 0.029167 0.150000
0 0.773438 0.919444 0.045833 0.159259
0 0.729948 0.933796 0.046354 0.130556
0 0.859115 0.246759 0.036979 0.171296
0 0.796094 0.241667 0.029687 0.162963
0 0.786458 0.071296 0.030208 0.131481
0 0.819010 0.033796 0.027604 0.067593
0 0.781510 0.026852 0.025521 0.053704
0 0.258333 0.181481 0.022917 0.161111
0 0.236979 0.185185 0.027083 0.146296
0 0.175000 0.050000 0.029167 0.100000
0 0.227865 0.070370 0.028646 0.140741
0 0.196875 0.068056 0.026042 0.136111
0 0.233073 0.057870 0.023438 0.115741
0 0.845313 0.015278 0.015625 0.030556
0 0.621354 0.055093 0.037500 0.110185
