0 0.567708 0.603241 0.083333 0.426852
0 0.557813 0.498148 0.020833 0.098148
0 0.575521 0.500000 0.020833 0.103704
0 0.593229 0.461574 0.019792 0.091667
0 0.511719 0.450926 0.014063 0.070370
0 0.581771 0.454167 0.019792 0.100926
0 0.522135 0.466204 0.018229 0.104630
0 0.567708 0.661574 0.082292 0.582407
0 0.887500 0.612963 0.085417 0.438889
0 0.500521 0.629630 0.073958 0.479630
0 0.209896 0.481019 0.021875 0.102778
0 0.272917 0.471296 0.017708 0.100000
0 0.236979 0.472685 0.015625 0.099074
0 0.225000 0.481481 0.023958 0.094444
0 0.219531 0.465278 0.016146 0.076852
0 0.419792 0.506944 0.037500 0.193519
0 0.855990 0.565278 0.081771 0.373148
0 0.736458 0.519444 0.046875 0.264815
0 0.734115 0.459722 0.026562 0.099074
0 0.622656 0.461574 0.024479 0.099074
0 0.444792 0.448148 0.011458 0.064815
0 0.427083 0.448148 0.013542 0.070370
0 0.332031 0.451852 0.009896 0.055556
0 0.351823 0.450000 0.011979 0.055556
0 0.269010 0.465741 0.011979 0.074074
0 0.307292 0.453241 0.011458 0.054630
0 0.297917 0.453704 0.013542 0.053704
0 0.296094 0.449074 0.009896 0.055556
0 0.316406 0.449537 0.011979 0.050926
0 0.307552 0.448611 0.010937 0.056481
0 0.285156 0.451389 0.010937 0.056481
0 0.534115 0.457870 0.015104 0.073148
0 0.315625 0.428241 0.010417 0.039815
