0 0.833073 0.643519 0.104688 0.538889
0 0.589583 0.472222 0.018750 0.144444
0 0.582812 0.482870 0.027083 0.126852
0 0.503906 0.450000 0.016146 0.074074
0 0.535937 0.462963 0.019792 0.100000
0 0.511719 0.459259 0.018229 0.090741
0 0.894531 0.675000 0.160938 0.648148
0 0.760156 0.687963 0.130729 0.600000
0 0.211979 0.481019 0.026042 0.104630
0 0.229948 0.472222 0.017188 0.100000
0 0.227865 0.473148 0.015104 0.100000
0 0.227344 0.480093 0.022396 0.093519
0 0.228385 0.462500 0.017188 0.076852
0 0.481250 0.516204 0.047917 0.276852
0 0.572396 0.516204 0.051042 0.223148
0 0.515104 0.541204 0.069792 0.260185
0 0.413281 0.524074 0.051562 0.246296
0 0.367969 0.472222 0.020313 0.118519
0 0.622656 0.454167 0.017188 0.078704
0 0.597135 0.463426 0.019271 0.086111
0 0.584115 0.458333 0.018229 0.092593
0 0.344010 0.462963 0.016146 0.085185
0 0.383594 0.458333 0.015104 0.083333
0 0.306250 0.460648 0.016667 0.073148
0 0.289062 0.462037 0.013542 0.068519
0 0.244531 0.459722 0.013021 0.067593
0 0.285156 0.456481 0.009896 0.061111
0 0.307812 0.437500 0.009375 0.043519
0 0.311719 0.443981 0.009896 0.045370
0 0.295573 0.427778 0.006771 0.029630
0 0.302344 0.425926 0.006771 0.029630
