0 0.450260 0.445370 0.036979 0.155556
0 0.384896 0.417593 0.022917 0.116667
0 0.293229 0.419444 0.017708 0.090741
0 0.960156 0.589352 0.078646 0.491667
0 0.007292 0.460648 0.014583 0.200926
0 0.209635 0.422685 0.028646 0.126852
0 0.362500 0.421296 0.021875 0.107407
0 0.364063 0.410648 0.016667 0.091667
0 0.040625 0.447685 0.030208 0.134259
0 0.446094 0.416204 0.021354 0.115741
0 0.398177 0.413426 0.016146 0.102778
0 0.174740 0.411111 0.018229 0.085185
0 0.164844 0.418056 0.014063 0.069444
0 0.192708 0.419907 0.017708 0.087963
0 0.154688 0.408333 0.011458 0.057407
0 0.320312 0.400463 0.013542 0.063889
