0 0.639062 0.615741 0.090625 0.474074
0 0.580208 0.481944 0.022917 0.130556
0 0.575521 0.499537 0.022917 0.102778
0 0.490625 0.449074 0.013542 0.064815
0 0.940885 0.658796 0.117188 0.680556
0 0.578125 0.455093 0.019792 0.102778
0 0.527344 0.458796 0.018229 0.095370
0 0.603125 0.675000 0.102083 0.607407
0 0.556250 0.633333 0.073958 0.485185
0 0.210156 0.481944 0.026562 0.104630
0 0.240365 0.472685 0.019271 0.102778
0 0.227083 0.473148 0.015625 0.100000
0 0.226302 0.481019 0.022396 0.095370
0 0.224740 0.463426 0.017188 0.076852
0 0.408333 0.527315 0.059375 0.299074
0 0.355729 0.531019 0.070833 0.256481
0 0.301302 0.555093 0.051562 0.295370
0 0.220052 0.551389 0.068229 0.297222
0 0.656510 0.542593 0.060937 0.290741
0 0.450000 0.478704 0.028125 0.150000
0 0.646094 0.457407 0.018229 0.087037
0 0.522917 0.458333 0.016667 0.075926
0 0.512760 0.452315 0.013021 0.071296
0 0.331250 0.458796 0.014583 0.071296
0 0.382292 0.451852 0.012500 0.066667
0 0.289844 0.454630 0.013021 0.066667
0 0.277083 0.456019 0.012500 0.062037
0 0.256771 0.461111 0.013542 0.074074
0 0.280990 0.450000 0.009896 0.050000
0 0.310156 0.447685 0.009896 0.045370
0 0.300781 0.449537 0.008854 0.050926
0 0.314583 0.444907 0.009375 0.047222
0 0.311719 0.443981 0.009896 0.047222
0 0.535937 0.454630 0.014583 0.072222
0 0.586719 0.462037 0.018229 0.092593
