0 0.567708 0.593981 0.083333 0.419444
0 0.557552 0.498611 0.020313 0.097222
0 0.575781 0.500000 0.020313 0.103704
0 0.592708 0.461574 0.019792 0.091667
0 0.514583 0.451852 0.014583 0.072222
0 0.581771 0.454167 0.019792 0.100926
0 0.518229 0.467130 0.018750 0.104630
0 0.554688 0.669444 0.079167 0.590741
0 0.808073 0.594907 0.079687 0.391667
0 0.477344 0.625000 0.083854 0.455556
0 0.211979 0.482407 0.020833 0.103704
0 0.273958 0.471296 0.016667 0.100000
0 0.242188 0.472222 0.015625 0.096296
0 0.224740 0.481944 0.024479 0.093519
0 0.219271 0.466204 0.015625 0.076852
0 0.396615 0.504167 0.046354 0.182407
0 0.787500 0.559722 0.067708 0.349074
0 0.814063 0.534259 0.070833 0.290741
0 0.709635 0.459259 0.020313 0.100000
0 0.606250 0.463889 0.025000 0.100000
0 0.427344 0.450000 0.013021 0.064815
0 0.419792 0.449074 0.013542 0.070370
0 0.328125 0.453241 0.010417 0.054630
0 0.342969 0.450926 0.011979 0.055556
0 0.267969 0.466667 0.011979 0.074074
0 0.308594 0.454167 0.010937 0.056481
0 0.297917 0.454630 0.014583 0.055556
0 0.294531 0.450000 0.009896 0.057407
0 0.316406 0.450000 0.011979 0.051852
0 0.307292 0.450000 0.011458 0.059259
0 0.283073 0.450463 0.010937 0.054630
0 0.530729 0.457870 0.015625 0.076852
0 0.315104 0.425463 0.010417 0.039815
