0 0.650260 0.615741 0.090104 0.479630
0 0.582812 0.480093 0.022917 0.134259
0 0.575521 0.499537 0.022917 0.102778
0 0.489323 0.447685 0.013021 0.062037
0 0.758073 0.649537 0.244271 0.699074
0 0.573438 0.455093 0.019792 0.102778
0 0.527344 0.458796 0.018229 0.093519
0 0.622917 0.682870 0.110417 0.623148
0 0.565365 0.634259 0.074479 0.487037
0 0.210156 0.481481 0.026562 0.105556
0 0.236198 0.473148 0.018229 0.101852
0 0.227083 0.473148 0.015625 0.100000
0 0.226302 0.481019 0.022396 0.095370
0 0.225000 0.463426 0.016667 0.076852
0 0.422396 0.525463 0.053125 0.287963
0 0.384896 0.529630 0.039583 0.251852
0 0.321094 0.553704 0.073438 0.294444
0 0.254167 0.547685 0.063542 0.291667
0 0.688281 0.542130 0.074479 0.299074
0 0.441406 0.480093 0.026562 0.145370
0 0.642969 0.457407 0.018229 0.085185
0 0.528385 0.456944 0.017188 0.075000
0 0.516927 0.452315 0.013021 0.071296
0 0.331250 0.460185 0.014583 0.072222
0 0.383073 0.452778 0.013021 0.068519
0 0.291927 0.455556 0.013021 0.066667
0 0.277604 0.456944 0.012500 0.062037
0 0.255208 0.461111 0.013542 0.072222
0 0.281250 0.450000 0.010417 0.050000
0 0.310417 0.447685 0.009375 0.045370
0 0.300260 0.449537 0.008854 0.050926
0 0.314323 0.443519 0.008854 0.046296
0 0.311719 0.443519 0.009896 0.046296
0 0.536719 0.454167 0.013021 0.071296
0 0.586719 0.462037 0.018229 0.092593
