0 0.846615 0.655556 0.052604 0.216667
0 0.356771 0.637500 0.039583 0.225000
0 0.916146 0.518981 0.039583 0.195370
0 0.500000 0.931481 0.041667 0.135185
0 0.351042 0.816667 0.036458 0.231481
0 0.431510 0.208333 0.036979 0.157407
0 0.337240 0.125463 0.020313 0.128704
0 0.196094 0.235185 0.027604 0.153704
0 0.199219 0.243056 0.033854 0.176852
0 0.405469 0.141667 0.028646 0.146296
0 0.397135 0.111111 0.027604 0.153704
0 0.302083 0.038889 0.028125 0.077778
0 0.298958 0.187037 0.025000 0.155556
0 0.174740 0.059722 0.023438 0.119444
0 0.204427 0.180556 0.029687 0.157407
0 0.164062 0.193981 0.026042 0.154630
0 0.198437 0.157870 0.023958 0.158333
0 0.133333 0.204167 0.028125 0.152778
0 0.122917 0.179630 0.027083 0.170370
0 0.153125 0.162037 0.031250 0.157407
0 0.191146 0.143519 0.026042 0.150000
0 0.119271 0.163889 0.020833 0.159259
0 0.467187 0.024074 0.026042 0.048148
0 0.197656 0.878704 0.047396 0.240741
0 0.499479 0.392593 0.033333 0.196296
0 0.456510 0.403241 0.032813 0.193519
0 0.648698 0.770370 0.044271 0.251852
0 0.930469 0.741667 0.048438 0.227778
0 0.962500 0.698148 0.037500 0.225926
0 0.772135 0.044907 0.030729 0.089815
0 0.736979 0.044444 0.022917 0.088889
0 0.944792 0.237037 0.035417 0.166667
0 0.877604 0.201389 0.028125 0.156481
0 0.783073 0.222685 0.034896 0.149074
0 0.624479 0.178704 0.030208 0.153704
0 0.450000 0.031481 0.023958 0.062963
0 0.415625 0.028704 0.023958 0.057407
0 0.394271 0.037963 0.027083 0.075926
0 0.267708 0.130093 0.027083 0.141667
0 0.220312 0.495370 0.033333 0.198148
0 0.180729 0.495370 0.043750 0.181481
0 0.246875 0.142593 0.028125 0.161111
0 0.241146 0.076852 0.030208 0.144444
0 0.212500 0.059722 0.028125 0.119444
0 0.120833 0.059722 0.021875 0.119444
0 0.231510 0.329167 0.035937 0.176852
0 0.184635 0.327315 0.032813 0.176852
0 0.273177 0.312963 0.033854 0.168519
0 0.380729 0.027778 0.020833 0.055556
