0 0.762500 0.637500 0.115625 0.519444
0 0.589063 0.473148 0.018750 0.144444
0 0.576042 0.486111 0.021875 0.133333
0 0.494531 0.446759 0.014063 0.065741
0 0.546354 0.460185 0.019792 0.100000
0 0.520052 0.459259 0.018229 0.090741
0 0.796094 0.678704 0.143229 0.640741
0 0.684375 0.661574 0.110417 0.541667
0 0.211979 0.481481 0.026042 0.105556
0 0.229687 0.472685 0.017708 0.100926
0 0.227604 0.473148 0.015625 0.100000
0 0.227344 0.480093 0.022396 0.093519
0 0.227344 0.462500 0.017188 0.076852
0 0.463802 0.517593 0.041146 0.277778
0 0.521615 0.512500 0.051562 0.230556
0 0.457552 0.540278 0.069271 0.265741
0 0.370312 0.525463 0.060417 0.247222
0 0.886198 0.579167 0.074479 0.408333
0 0.390885 0.473611 0.022396 0.121296
0 0.623437 0.455556 0.017708 0.075926
0 0.571094 0.458333 0.016146 0.087037
0 0.561458 0.456481 0.017708 0.088889
0 0.338021 0.461111 0.016667 0.079630
0 0.385937 0.457407 0.014583 0.079630
0 0.304167 0.456944 0.016667 0.073148
0 0.286198 0.460185 0.014063 0.068519
0 0.246615 0.461111 0.014063 0.070370
0 0.284375 0.455093 0.009375 0.056481
0 0.311458 0.449537 0.009375 0.045370
0 0.307812 0.443519 0.009375 0.044444
0 0.311719 0.443981 0.009896 0.045370
0 0.296615 0.432407 0.006771 0.029630
0 0.302865 0.429630 0.006771 0.029630
0 0.538021 0.451389 0.014583 0.065741
0 0.576823 0.460185 0.018229 0.090741
