0 0.845833 0.654630 0.051042 0.214815
0 0.300781 0.642593 0.052604 0.225926
0 0.917969 0.517130 0.040104 0.193519
0 0.477604 0.942130 0.045833 0.113889
0 0.351042 0.816667 0.036458 0.231481
0 0.423698 0.204630 0.033854 0.159259
0 0.336979 0.125463 0.020833 0.128704
0 0.185417 0.256481 0.028125 0.157407
0 0.158073 0.249074 0.028646 0.177778
0 0.403646 0.143056 0.026042 0.143519
0 0.403906 0.118981 0.029687 0.158333
0 0.299740 0.039815 0.025521 0.079630
0 0.252083 0.052315 0.021875 0.104630
0 0.300000 0.187500 0.031250 0.160185
0 0.174740 0.059259 0.023438 0.118519
0 0.200000 0.180556 0.025000 0.159259
0 0.163021 0.192593 0.026042 0.155556
0 0.194531 0.170370 0.024479 0.161111
0 0.134635 0.200463 0.025521 0.150926
0 0.121615 0.180093 0.025521 0.169444
0 0.147917 0.165278 0.029167 0.162037
0 0.168490 0.151852 0.027604 0.151852
0 0.118229 0.174074 0.020833 0.159259
0 0.467187 0.024074 0.026042 0.048148
0 0.173698 0.547222 0.039062 0.209259
0 0.220573 0.012963 0.030729 0.025926
0 0.611198 0.718056 0.046354 0.237963
0 0.575000 0.733333 0.040625 0.233333
0 0.834375 0.151852 0.031250 0.159259
0 0.767448 0.150463 0.030729 0.149074
0 0.824219 0.044444 0.026562 0.088889
0 0.800000 0.037500 0.021875 0.075000
0 0.791927 0.086111 0.029687 0.135185
0 0.562760 0.010185 0.021354 0.020370
0 0.384115 0.012963 0.022396 0.025926
0 0.281510 0.019444 0.019271 0.038889
0 0.250000 0.276852 0.027083 0.170370
0 0.223177 0.276852 0.035937 0.159259
0 0.146094 0.056019 0.025521 0.112037
0 0.258073 0.144444 0.030729 0.153704
0 0.227865 0.146759 0.028646 0.154630
0 0.257552 0.123148 0.025521 0.142593
0 0.444531 0.031019 0.024479 0.062037
