0 0.812500 0.675000 0.043750 0.225926
0 0.253646 0.198611 0.037500 0.186111
0 0.208854 0.653704 0.054167 0.229630
0 0.915625 0.519907 0.040625 0.193519
0 0.503646 0.920833 0.037500 0.156481
0 0.351042 0.816667 0.036458 0.231481
0 0.429427 0.218519 0.030729 0.161111
0 0.771094 0.063426 0.027604 0.126852
0 0.558073 0.144444 0.026562 0.148148
0 0.530729 0.151389 0.031250 0.167593
0 0.279687 0.169907 0.019792 0.154630
0 0.499740 0.114352 0.031771 0.158333
0 0.069531 0.410648 0.025521 0.173148
0 0.053125 0.392130 0.039583 0.186111
0 0.452865 0.500926 0.040104 0.198148
0 0.484375 0.501852 0.036458 0.185185
0 0.423438 0.162500 0.022917 0.141667
0 0.390885 0.168519 0.025521 0.155556
0 0.381771 0.076389 0.026042 0.141667
0 0.297135 0.042130 0.021354 0.084259
0 0.138021 0.425000 0.029167 0.177778
0 0.284896 0.544907 0.034375 0.200926
0 0.240365 0.533796 0.040104 0.215741
0 0.294271 0.136111 0.023958 0.153704
0 0.177604 0.122685 0.027083 0.149074
0 0.202344 0.181481 0.029687 0.164815
0 0.493750 0.442130 0.034375 0.171296
0 0.160417 0.200926 0.027083 0.157407
0 0.195312 0.165741 0.028125 0.159259
0 0.123958 0.200926 0.028125 0.151852
0 0.129948 0.181944 0.023438 0.173148
0 0.154167 0.161574 0.029167 0.145370
0 0.151562 0.142593 0.028125 0.153704
0 0.117188 0.174074 0.020833 0.159259
0 0.457552 0.038889 0.021354 0.077778
0 0.232552 0.121296 0.027604 0.155556
0 0.229687 0.455093 0.042708 0.200926
0 0.972656 0.575000 0.034896 0.196296
0 0.865365 0.016667 0.027604 0.033333
0 0.908594 0.125926 0.030729 0.142593
0 0.838542 0.053704 0.035417 0.107407
0 0.214583 0.921296 0.052083 0.155556
0 0.231250 0.883796 0.042708 0.230556
0 0.228125 0.029167 0.021875 0.058333
0 0.204687 0.028704 0.022917 0.057407
0 0.719271 0.015741 0.028125 0.031481
0 0.651042 0.076852 0.035417 0.085185
