0 0.353906 0.544907 0.051562 0.275000
0 0.558333 0.498148 0.019792 0.101852
0 0.576042 0.500926 0.017708 0.105556
0 0.665365 0.460185 0.017188 0.092593
0 0.533073 0.459722 0.020313 0.100926
0 0.580208 0.456481 0.019792 0.100000
0 0.494531 0.455556 0.022396 0.105556
0 0.314323 0.568981 0.057813 0.317593
0 0.401302 0.525000 0.044271 0.209259
0 0.295833 0.552778 0.048958 0.274074
0 0.277865 0.474537 0.018229 0.086111
0 0.266406 0.470370 0.015104 0.096296
0 0.250521 0.478241 0.020833 0.093519
0 0.231510 0.461574 0.018229 0.076852
0 0.316667 0.483796 0.021875 0.125000
0 0.394271 0.507870 0.034375 0.187963
0 0.560937 0.456019 0.016667 0.071296
0 0.369792 0.479630 0.019792 0.116667
0 0.322135 0.460185 0.013021 0.066667
0 0.301563 0.455093 0.012500 0.069444
0 0.323698 0.456481 0.011979 0.068519
0 0.307812 0.411574 0.010417 0.039815
0 0.314583 0.411111 0.009375 0.038889
0 0.531771 0.449537 0.012500 0.063889
0 0.404948 0.460185 0.017188 0.088889
