0 0.704427 0.637037 0.095312 0.509259
0 0.588802 0.475000 0.020313 0.144444
0 0.575521 0.495833 0.021875 0.110185
0 0.486719 0.444907 0.013021 0.058333
0 0.118229 0.676389 0.216667 0.645370
0 0.556250 0.456944 0.019792 0.100926
0 0.527344 0.458796 0.018229 0.091667
0 0.720052 0.682870 0.093229 0.628704
0 0.631771 0.660648 0.077083 0.539815
0 0.210677 0.481481 0.026562 0.105556
0 0.231510 0.473611 0.018229 0.100926
0 0.227344 0.473148 0.015104 0.100000
0 0.226823 0.480556 0.022396 0.094444
0 0.226302 0.463426 0.017188 0.076852
0 0.457292 0.517593 0.044792 0.279630
0 0.464583 0.517130 0.048958 0.237963
0 0.410156 0.541204 0.047396 0.276852
0 0.332552 0.528704 0.041146 0.255556
0 0.797917 0.560648 0.059375 0.354630
0 0.409896 0.476389 0.025000 0.130556
0 0.631510 0.456481 0.018229 0.079630
0 0.551562 0.459259 0.015625 0.081481
0 0.540885 0.454167 0.015104 0.076852
0 0.332292 0.461111 0.017708 0.077778
0 0.386719 0.455556 0.015104 0.074074
0 0.301042 0.454630 0.015625 0.070370
0 0.280990 0.458333 0.013021 0.064815
0 0.250260 0.462037 0.014063 0.070370
0 0.282031 0.453704 0.008854 0.057407
0 0.310937 0.448611 0.009375 0.045370
0 0.310677 0.443519 0.008854 0.044444
0 0.311719 0.443981 0.009896 0.045370
0 0.536979 0.453704 0.014583 0.072222
