0 0.633854 0.356481 0.031250 0.138889
0 0.463542 0.348611 0.030208 0.145370
0 0.156771 0.445370 0.126042 0.501852
0 0.976823 0.649074 0.045312 0.700000
0 0.218750 0.388426 0.076042 0.319444
0 0.502083 0.353241 0.029167 0.136111
0 0.554427 0.327778 0.015104 0.059259
0 0.605469 0.358333 0.029687 0.170370
0 0.327865 0.337500 0.021354 0.100926
0 0.608854 0.356944 0.027083 0.160185
0 0.732031 0.356481 0.018229 0.112963
0 0.230729 0.342130 0.025000 0.126852
0 0.209375 0.346759 0.023958 0.119444
0 0.511719 0.328241 0.014063 0.058333
0 0.305208 0.355093 0.021875 0.136111
0 0.526563 0.323148 0.009375 0.038889
0 0.392969 0.326852 0.015104 0.066667
0 0.373177 0.325463 0.015104 0.075000
0 0.359375 0.323611 0.012500 0.060185
0 0.376563 0.315278 0.011458 0.058333
