0 0.845313 0.654630 0.050000 0.214815
0 0.217969 0.612963 0.034896 0.229630
0 0.916146 0.518519 0.050000 0.192593
0 0.454688 0.931481 0.042708 0.135185
0 0.351042 0.816667 0.036458 0.231481
0 0.430469 0.211111 0.023438 0.161111
0 0.336979 0.125926 0.020833 0.129630
0 0.172917 0.278241 0.029167 0.165741
0 0.147656 0.272685 0.029687 0.182407
0 0.402865 0.145370 0.024479 0.140741
0 0.404167 0.124074 0.028125 0.157407
0 0.298958 0.040278 0.023958 0.080556
0 0.259635 0.086111 0.022396 0.127778
0 0.306510 0.183333 0.026562 0.162963
0 0.182552 0.059722 0.026562 0.119444
0 0.200000 0.182407 0.025000 0.159259
0 0.163021 0.193519 0.025000 0.155556
0 0.193750 0.164815 0.025000 0.161111
0 0.130729 0.198611 0.026042 0.150926
0 0.121875 0.180093 0.026042 0.169444
0 0.149219 0.168056 0.028646 0.162037
0 0.157292 0.141667 0.027083 0.151852
0 0.118229 0.174074 0.020833 0.159259
0 0.472656 0.030093 0.025521 0.060185
0 0.173958 0.450000 0.038542 0.192593
0 0.255469 0.051852 0.030729 0.103704
0 0.707812 0.868519 0.048958 0.250000
0 0.663281 0.881944 0.045312 0.234259
0 0.852604 0.215741 0.036458 0.170370
0 0.783073 0.205556 0.027604 0.155556
0 0.737240 0.018981 0.022396 0.037963
0 0.780990 0.008333 0.022396 0.016667
0 0.786719 0.072222 0.029687 0.131481
0 0.808594 0.013889 0.026562 0.027778
0 0.756510 0.015741 0.025521 0.031481
0 0.265365 0.214815 0.024479 0.162963
0 0.235156 0.217130 0.032813 0.149074
0 0.147656 0.056019 0.024479 0.112037
0 0.228125 0.096296 0.028125 0.148148
0 0.197656 0.092130 0.026562 0.141667
0 0.229687 0.078704 0.023958 0.140741
0 0.839583 0.017593 0.020833 0.035185
0 0.549479 0.042593 0.032292 0.085185
