0 0.517708 0.412500 0.035417 0.152778
0 0.457031 0.391667 0.024479 0.118519
0 0.403125 0.385648 0.019792 0.108333
0 0.964063 0.571759 0.070833 0.534259
0 0.050000 0.430556 0.055208 0.222222
0 0.284635 0.394444 0.025521 0.129630
0 0.451562 0.392593 0.021875 0.107407
0 0.460677 0.382407 0.017188 0.094444
0 0.155729 0.405093 0.029167 0.125000
0 0.554948 0.390278 0.028646 0.145370
0 0.498177 0.381944 0.016146 0.102778
0 0.263542 0.387963 0.016667 0.098148
0 0.251042 0.387500 0.013542 0.078704
0 0.285938 0.397685 0.017708 0.089815
0 0.257031 0.376389 0.014063 0.052778
0 0.414062 0.370370 0.013542 0.062963
0 0.077344 0.377315 0.010937 0.062037
0 0.103385 0.394444 0.017188 0.094444
0 0.099219 0.387037 0.011979 0.059259
