0 0.844792 0.654630 0.048958 0.214815
0 0.266146 0.050000 0.031250 0.100000
0 0.307031 0.609722 0.043229 0.223148
0 0.914323 0.518981 0.048438 0.193519
0 0.520573 0.934259 0.039062 0.129630
0 0.351042 0.816667 0.036458 0.231481
0 0.433594 0.213426 0.033854 0.156481
0 0.513281 0.024074 0.025521 0.048148
0 0.485938 0.023148 0.027083 0.046296
0 0.333854 0.126852 0.019792 0.131481
0 0.144792 0.316667 0.031250 0.170370
0 0.113021 0.311111 0.038542 0.185185
0 0.605469 0.923611 0.053646 0.150926
0 0.641406 0.930093 0.049479 0.137963
0 0.403125 0.145370 0.021875 0.140741
0 0.414583 0.124537 0.027083 0.160185
0 0.297656 0.041204 0.022396 0.082407
0 0.270573 0.150000 0.023438 0.144444
0 0.150521 0.981481 0.043750 0.035185
0 0.194271 0.954167 0.052083 0.089815
0 0.301823 0.183796 0.028646 0.163889
0 0.157812 0.074537 0.030208 0.145370
0 0.200521 0.183333 0.026042 0.159259
0 0.163021 0.193056 0.025000 0.156481
0 0.199219 0.166204 0.024479 0.158333
0 0.132292 0.198611 0.026042 0.147222
0 0.119531 0.181019 0.026562 0.167593
0 0.151562 0.166204 0.029167 0.162037
0 0.157812 0.143519 0.027083 0.151852
0 0.118229 0.174074 0.020833 0.159259
0 0.467969 0.039352 0.025521 0.078704
0 0.198698 0.367593 0.032813 0.187037
0 0.266927 0.102778 0.031771 0.161111
0 0.822396 0.961574 0.045833 0.075000
0 0.778125 0.973148 0.040625 0.051852
0 0.865625 0.279167 0.040625 0.175000
0 0.813542 0.263426 0.029167 0.165741
0 0.786458 0.070370 0.030208 0.131481
0 0.842448 0.043056 0.027604 0.086111
0 0.799740 0.040278 0.026562 0.080556
0 0.245833 0.156019 0.023958 0.156481
0 0.226823 0.165741 0.024479 0.140741
0 0.192708 0.045370 0.025000 0.090741
0 0.233854 0.058796 0.030208 0.117593
0 0.197135 0.055093 0.026562 0.110185
0 0.239844 0.045370 0.023438 0.090741
