0 0.901563 0.653704 0.112500 0.555556
0 0.590104 0.470370 0.018750 0.144444
0 0.576823 0.476389 0.023438 0.119444
0 0.512760 0.453241 0.017188 0.082407
0 0.534375 0.463889 0.019792 0.100000
0 0.504427 0.459259 0.018229 0.090741
0 0.971094 0.676389 0.056771 0.645370
0 0.838802 0.686111 0.114062 0.612963
0 0.211458 0.481019 0.025000 0.104630
0 0.229427 0.472685 0.016146 0.099074
0 0.228125 0.473148 0.015625 0.100000
0 0.227865 0.480093 0.022396 0.093519
0 0.229687 0.461574 0.017708 0.076852
0 0.515365 0.517593 0.066146 0.272222
0 0.601562 0.516667 0.040625 0.224074
0 0.571354 0.541204 0.052083 0.260185
0 0.463542 0.516667 0.052083 0.233333
0 0.351042 0.470833 0.019792 0.108333
0 0.625260 0.458796 0.025521 0.097222
0 0.609896 0.456019 0.018750 0.097222
0 0.348958 0.464815 0.016667 0.088889
0 0.380990 0.459259 0.017188 0.088889
0 0.310156 0.459722 0.018229 0.075000
0 0.291927 0.462037 0.014063 0.072222
0 0.241927 0.461574 0.013021 0.067593
0 0.266406 0.448611 0.011979 0.052778
0 0.285677 0.457407 0.009896 0.062963
0 0.308854 0.434259 0.009375 0.042593
0 0.311719 0.443981 0.009896 0.045370
0 0.297135 0.425926 0.006771 0.029630
0 0.302344 0.423148 0.006771 0.029630
0 0.396875 0.444907 0.013542 0.054630
0 0.553646 0.459259 0.016667 0.079630
