0 0.487240 0.577778 0.071354 0.357407
0 0.557292 0.499537 0.019792 0.099074
0 0.575781 0.500463 0.019271 0.104630
0 0.596354 0.462500 0.019792 0.091667
0 0.524740 0.457407 0.018229 0.090741
0 0.581771 0.455093 0.019792 0.100926
0 0.513021 0.462500 0.018750 0.104630
0 0.411719 0.646759 0.086979 0.534259
0 0.575521 0.562500 0.085417 0.299074
0 0.410417 0.594907 0.066667 0.349074
0 0.240365 0.481481 0.020313 0.100000
0 0.276042 0.471296 0.016667 0.100000
0 0.259115 0.472685 0.016146 0.095370
0 0.225000 0.481944 0.023958 0.095370
0 0.250781 0.462500 0.016146 0.076852
0 0.322656 0.497685 0.027604 0.156481
0 0.592969 0.530093 0.051562 0.267593
0 0.634115 0.460648 0.019271 0.089815
0 0.543750 0.465278 0.023958 0.106481
0 0.382552 0.451389 0.009896 0.062037
0 0.390104 0.449074 0.010417 0.064815
0 0.311719 0.448611 0.009896 0.056481
0 0.267708 0.466667 0.010417 0.075926
0 0.315365 0.455093 0.013021 0.058333
0 0.301042 0.456481 0.010417 0.057407
0 0.291146 0.451852 0.012500 0.061111
0 0.322135 0.454167 0.011979 0.052778
0 0.310937 0.450926 0.011458 0.059259
0 0.277344 0.453704 0.015104 0.059259
0 0.516406 0.457870 0.017188 0.091667
0 0.310417 0.414352 0.010417 0.039815
0 0.315625 0.411111 0.009375 0.038889
0 0.283854 0.446296 0.011458 0.050000
