0 0.853125 0.686111 0.052083 0.225926
0 0.260417 0.152778 0.035417 0.177778
0 0.375521 0.625000 0.045833 0.222222
0 0.915365 0.519907 0.041146 0.193519
0 0.532031 0.923148 0.046354 0.151852
0 0.351042 0.816667 0.036458 0.231481
0 0.428906 0.218519 0.029687 0.159259
0 0.769531 0.033333 0.026562 0.066667
0 0.537760 0.108333 0.027604 0.148148
0 0.508073 0.096759 0.032813 0.158333
0 0.265104 0.140278 0.026042 0.152778
0 0.492708 0.053704 0.030208 0.107407
0 0.070052 0.410648 0.026562 0.173148
0 0.055990 0.391667 0.033854 0.185185
0 0.471094 0.592130 0.053646 0.213889
0 0.502865 0.595370 0.041146 0.194444
0 0.406771 0.162963 0.032292 0.109259
0 0.385677 0.162037 0.031771 0.153704
0 0.386198 0.062500 0.025521 0.125000
0 0.297135 0.042130 0.021354 0.084259
0 0.119792 0.336111 0.028125 0.162963
0 0.237760 0.666204 0.036979 0.219444
0 0.181250 0.642593 0.042708 0.222222
0 0.300781 0.137963 0.029687 0.151852
0 0.182552 0.127315 0.030729 0.150926
0 0.200521 0.181481 0.027083 0.162963
0 0.633073 0.539815 0.030729 0.188889
0 0.162500 0.195370 0.027083 0.157407
0 0.191927 0.162037 0.026562 0.159259
0 0.130469 0.203241 0.033854 0.143519
0 0.135417 0.190741 0.036458 0.148148
0 0.152604 0.156481 0.029167 0.161111
0 0.147656 0.141667 0.025521 0.151852
0 0.117708 0.174074 0.020833 0.159259
0 0.445573 0.057407 0.029687 0.114815
0 0.234896 0.162963 0.026042 0.161111
0 0.257812 0.340278 0.038542 0.187963
0 0.928385 0.480093 0.034896 0.191667
0 0.811979 0.035648 0.029167 0.071296
0 0.939323 0.184722 0.031771 0.150926
0 0.945312 0.138889 0.035417 0.153704
0 0.872917 0.123148 0.032292 0.153704
0 0.322135 0.985185 0.045312 0.027778
0 0.232292 0.049537 0.023958 0.099074
0 0.204427 0.051852 0.032813 0.103704
0 0.721875 0.014352 0.032292 0.028704
0 0.651302 0.075926 0.033854 0.083333
