0 0.430469 0.569907 0.060937 0.328704
0 0.557552 0.498148 0.020313 0.101852
0 0.575781 0.500463 0.019271 0.104630
0 0.618229 0.460648 0.019792 0.091667
0 0.529167 0.457870 0.018750 0.091667
0 0.579948 0.455093 0.020313 0.100926
0 0.512500 0.459722 0.018750 0.104630
0 0.342187 0.613889 0.112500 0.446296
0 0.487760 0.549537 0.061979 0.275000
0 0.367969 0.581481 0.059896 0.335185
0 0.252604 0.480556 0.016667 0.100000
0 0.273177 0.471759 0.018229 0.097222
0 0.261979 0.471759 0.015625 0.095370
0 0.226562 0.481481 0.026042 0.094444
0 0.252344 0.462500 0.016146 0.076852
0 0.311198 0.490278 0.024479 0.134259
0 0.516406 0.523148 0.044271 0.244444
0 0.606771 0.462500 0.016667 0.082407
0 0.486719 0.468056 0.019271 0.119444
0 0.308594 0.449537 0.009896 0.056481
0 0.317448 0.456481 0.013021 0.061111
0 0.303385 0.458796 0.010937 0.062037
0 0.292708 0.453241 0.013542 0.067593
0 0.315104 0.453241 0.011458 0.062037
0 0.276823 0.454167 0.015104 0.062037
0 0.499479 0.453704 0.016667 0.088889
0 0.309896 0.411574 0.010417 0.039815
0 0.315625 0.411111 0.009375 0.038889
0 0.502344 0.454630 0.011979 0.066667
0 0.287500 0.445370 0.011458 0.050000
