0 0.655729 0.615278 0.089583 0.480556
0 0.583854 0.479167 0.022917 0.136111
0 0.575521 0.499537 0.022917 0.102778
0 0.489063 0.447222 0.013542 0.061111
0 0.640885 0.667130 0.209896 0.663889
0 0.571354 0.455556 0.019792 0.101852
0 0.527344 0.458796 0.018229 0.093519
0 0.634896 0.682407 0.115625 0.622222
0 0.570052 0.634259 0.074479 0.487037
0 0.210156 0.481481 0.026562 0.105556
0 0.234375 0.474074 0.017708 0.101852
0 0.227083 0.473148 0.015625 0.100000
0 0.226302 0.480556 0.022396 0.094444
0 0.225260 0.463426 0.017188 0.076852
0 0.428646 0.521296 0.046875 0.283333
0 0.400781 0.531019 0.059896 0.249074
0 0.326562 0.552778 0.070833 0.292593
0 0.260156 0.545833 0.065104 0.287963
0 0.710156 0.545833 0.095312 0.299074
0 0.437500 0.480093 0.026042 0.143519
0 0.641406 0.456944 0.018229 0.084259
0 0.530990 0.456944 0.017188 0.075000
0 0.519010 0.452315 0.013021 0.071296
0 0.331510 0.460648 0.015104 0.073148
0 0.383594 0.453241 0.013021 0.069444
0 0.292969 0.455093 0.013021 0.067593
0 0.278125 0.456944 0.012500 0.062037
0 0.254427 0.461574 0.013021 0.071296
0 0.281250 0.450463 0.010417 0.050926
0 0.310937 0.447685 0.009375 0.045370
0 0.299740 0.449537 0.008854 0.050926
0 0.314323 0.443519 0.008854 0.046296
0 0.312240 0.443981 0.009896 0.045370
0 0.537500 0.454167 0.012500 0.071296
0 0.586719 0.462037 0.018229 0.092593
