0 0.546354 0.598148 0.086458 0.403704
0 0.557552 0.499537 0.020313 0.097222
0 0.575781 0.500000 0.020313 0.103704
0 0.591667 0.462500 0.019792 0.091667
0 0.518229 0.454167 0.015625 0.078704
0 0.581771 0.455093 0.019792 0.100926
0 0.516146 0.465278 0.018750 0.104630
0 0.531250 0.671759 0.085417 0.589815
0 0.701823 0.580556 0.093229 0.355556
0 0.456510 0.620370 0.068229 0.437037
0 0.223177 0.480556 0.021354 0.101852
0 0.275000 0.470370 0.016667 0.100000
0 0.251563 0.471759 0.015625 0.095370
0 0.224479 0.481944 0.025000 0.093519
0 0.229167 0.464815 0.015625 0.075926
0 0.359896 0.503241 0.033333 0.173148
0 0.705729 0.549537 0.086458 0.317593
0 0.952344 0.548148 0.094271 0.342593
0 0.679167 0.462963 0.026042 0.096296
0 0.588802 0.465741 0.031771 0.107407
0 0.408333 0.452778 0.012500 0.066667
0 0.409896 0.449074 0.013542 0.068519
0 0.321354 0.452315 0.010417 0.054630
0 0.330208 0.450926 0.009375 0.055556
0 0.266406 0.466667 0.011979 0.075926
0 0.312240 0.454630 0.010937 0.057407
0 0.298698 0.456481 0.009896 0.057407
0 0.293229 0.450926 0.011458 0.059259
0 0.317969 0.451389 0.011979 0.052778
0 0.305729 0.450000 0.011458 0.059259
0 0.279167 0.452315 0.014583 0.056481
0 0.525781 0.457870 0.016146 0.082407
0 0.313021 0.421759 0.010417 0.039815
0 0.318750 0.418519 0.009375 0.038889
