0 0.460938 0.356944 0.092708 0.434259
0 0.548958 0.346759 0.084375 0.482407
0 0.092969 0.499537 0.185938 0.999074
0 0.309115 0.499537 0.247396 0.999074
0 0.364583 0.344907 0.085417 0.434259
0 0.400000 0.342130 0.056250 0.315741
0 0.636458 0.346759 0.052083 0.319444
0 0.938281 0.499537 0.122396 0.999074
0 0.738021 0.311574 0.018750 0.110185
0 0.716146 0.309722 0.013542 0.084259
0 0.696094 0.306481 0.017188 0.077778
0 0.851302 0.306944 0.017188 0.095370
0 0.937500 0.306944 0.018750 0.113889
0 0.764844 0.303241 0.013021 0.058333
