0 0.473958 0.396296 0.033333 0.150000
0 0.418229 0.378241 0.027083 0.128704
0 0.386198 0.373611 0.024479 0.126852
0 0.776823 0.593981 0.101562 0.606481
0 0.914583 0.590741 0.141667 0.629630
0 0.284115 0.375463 0.032813 0.156481
0 0.426823 0.378241 0.020313 0.113889
0 0.444271 0.365741 0.023958 0.112963
0 0.135937 0.379167 0.028125 0.119444
0 0.585677 0.400463 0.038021 0.215741
0 0.462500 0.373148 0.016667 0.096296
0 0.496354 0.371759 0.017708 0.106481
0 0.214844 0.364352 0.021354 0.113889
0 0.203906 0.374537 0.016146 0.087963
0 0.482812 0.365278 0.020833 0.086111
0 0.458073 0.372222 0.022396 0.090741
0 0.277344 0.382870 0.017188 0.100926
0 0.253125 0.357870 0.015625 0.062037
0 0.404687 0.354167 0.013542 0.063889
0 0.029427 0.346759 0.013021 0.065741
0 0.046875 0.367130 0.020833 0.099074
0 0.067708 0.358796 0.014583 0.063889
0 0.294010 0.368519 0.011979 0.048148
