0 0.635938 0.495833 0.137500 0.550000
0 0.567187 0.469792 0.056250 0.239583
0 0.067969 0.457292 0.045312 0.197917
0 0.147656 0.457292 0.067187 0.243750
0 0.080469 0.479167 0.082812 0.287500
0 0.247656 0.463542 0.098437 0.410417
0 0.524219 0.456250 0.035937 0.137500
0 0.720313 0.511458 0.275000 0.931250
0 0.840625 0.485417 0.268750 0.862500
0 0.374219 0.481250 0.085938 0.412500
0 0.127344 0.457292 0.054688 0.210417
0 0.207813 0.452083 0.068750 0.212500
0 0.881250 0.498958 0.234375 0.997917
0 0.431250 0.504167 0.168750 0.562500
