0 0.745313 0.562037 0.088542 0.351852
0 0.327344 0.535185 0.044271 0.244444
0 0.791146 0.555556 0.094792 0.312963
0 0.558854 0.498148 0.018750 0.101852
0 0.576042 0.500926 0.016667 0.105556
0 0.662240 0.460185 0.017188 0.092593
0 0.539062 0.451852 0.020833 0.107407
0 0.582812 0.457407 0.019792 0.100000
0 0.497396 0.455556 0.021875 0.105556
0 0.258594 0.543519 0.056771 0.261111
0 0.347396 0.510648 0.032292 0.173148
0 0.725521 0.459259 0.028125 0.114815
0 0.788021 0.458796 0.031250 0.115741
0 0.270052 0.541204 0.046354 0.230556
0 0.294010 0.472685 0.018229 0.086111
0 0.228125 0.463889 0.020833 0.077778
0 0.311979 0.483333 0.017708 0.124074
0 0.515104 0.457870 0.016667 0.071296
0 0.306250 0.418981 0.010417 0.039815
0 0.314583 0.415741 0.009375 0.038889
0 0.545573 0.449537 0.013021 0.062037
0 0.355208 0.456944 0.017708 0.078704
