0 0.593229 0.464352 0.021875 0.134259
0 0.565365 0.469444 0.021354 0.114815
0 0.526823 0.457407 0.019271 0.094444
0 0.526823 0.461574 0.020313 0.093519
0 0.477083 0.462963 0.017708 0.090741
0 0.937240 0.686574 0.124479 0.625000
0 0.210938 0.481019 0.023958 0.104630
0 0.230208 0.472222 0.015625 0.096296
0 0.228385 0.473148 0.015104 0.100000
0 0.227604 0.480556 0.021875 0.092593
0 0.230990 0.461574 0.018229 0.076852
0 0.583854 0.513889 0.042708 0.262963
0 0.622917 0.513889 0.042708 0.227778
0 0.651302 0.534259 0.055729 0.253704
0 0.532292 0.512500 0.053125 0.223148
0 0.338281 0.468519 0.017188 0.098148
0 0.355990 0.468056 0.019271 0.095370
0 0.386719 0.462963 0.021354 0.094444
0 0.314323 0.462037 0.017188 0.077778
0 0.297396 0.465278 0.013542 0.075000
0 0.288802 0.449074 0.010937 0.051852
0 0.290365 0.460185 0.013021 0.068519
0 0.310156 0.428704 0.009896 0.040741
0 0.310417 0.435185 0.009375 0.040741
0 0.297396 0.422222 0.006250 0.027778
0 0.303385 0.417593 0.006771 0.029630
0 0.413281 0.443519 0.014063 0.051852
