0 0.480208 0.432407 0.036458 0.159259
0 0.422135 0.411574 0.025521 0.119444
0 0.357552 0.408333 0.019271 0.101852
0 0.959635 0.589815 0.079687 0.522222
0 0.022656 0.453704 0.045312 0.216667
0 0.235677 0.418519 0.031771 0.131481
0 0.407292 0.409259 0.020833 0.107407
0 0.417969 0.406019 0.019271 0.097222
0 0.105208 0.430093 0.030208 0.134259
0 0.507292 0.407407 0.028125 0.135185
0 0.454948 0.403241 0.016146 0.102778
0 0.221094 0.410185 0.017188 0.090741
0 0.208594 0.410648 0.013021 0.075000
0 0.241146 0.416204 0.017708 0.087963
0 0.209896 0.400926 0.011458 0.053704
0 0.368750 0.393981 0.013542 0.063889
0 0.030208 0.400926 0.011458 0.066667
0 0.053125 0.422222 0.017708 0.096296
0 0.050260 0.410185 0.011979 0.059259
