0 0.621354 0.609722 0.084375 0.486111
0 0.569271 0.488889 0.021875 0.114815
0 0.575781 0.499537 0.022396 0.102778
0 0.496354 0.449074 0.013542 0.068519
0 0.583854 0.455093 0.019792 0.102778
0 0.523438 0.462963 0.018750 0.098148
0 0.619010 0.655556 0.118229 0.561111
0 0.541667 0.629167 0.067708 0.476852
0 0.209896 0.481481 0.027083 0.103704
0 0.253646 0.470833 0.017708 0.100926
0 0.228125 0.472222 0.015625 0.100000
0 0.225781 0.481019 0.022396 0.095370
0 0.223177 0.464352 0.016146 0.076852
0 0.326562 0.542130 0.068750 0.328704
0 0.237240 0.548148 0.094271 0.281481
0 0.179167 0.577778 0.057292 0.325926
0 0.068490 0.571296 0.082812 0.335185
0 0.567969 0.526389 0.043229 0.250926
0 0.501563 0.490278 0.032292 0.173148
0 0.660677 0.457407 0.019271 0.088889
0 0.505208 0.455556 0.011458 0.070370
0 0.488021 0.450000 0.013542 0.070370
0 0.332813 0.455556 0.014583 0.066667
0 0.375781 0.451389 0.013021 0.062037
0 0.283073 0.454630 0.013021 0.061111
0 0.273958 0.456019 0.012500 0.062037
0 0.264062 0.462037 0.012500 0.075926
0 0.281250 0.450463 0.009375 0.049074
0 0.308854 0.449537 0.010417 0.049074
0 0.300000 0.451852 0.009375 0.053704
0 0.315365 0.446759 0.009896 0.049074
0 0.310156 0.445370 0.009896 0.050000
0 0.291406 0.449537 0.009896 0.052778
0 0.535677 0.453704 0.014063 0.068519
0 0.586719 0.462037 0.018229 0.092593
