0 0.767708 0.637037 0.117708 0.522222
0 0.589323 0.473148 0.019271 0.144444
0 0.577083 0.484722 0.026042 0.132407
0 0.496094 0.447685 0.014063 0.067593
0 0.544271 0.460185 0.019792 0.100000
0 0.519010 0.459259 0.018229 0.090741
0 0.811719 0.674537 0.130729 0.649074
0 0.690104 0.662037 0.114583 0.542593
0 0.211979 0.481481 0.026042 0.105556
0 0.229687 0.472685 0.017708 0.100926
0 0.227604 0.473148 0.015625 0.100000
0 0.227344 0.480093 0.022396 0.093519
0 0.227604 0.462500 0.017708 0.076852
0 0.466927 0.517593 0.041146 0.277778
0 0.529167 0.513426 0.054167 0.228704
0 0.466667 0.540741 0.069792 0.264815
0 0.374219 0.525463 0.056771 0.247222
0 0.900260 0.587500 0.081771 0.421296
0 0.387500 0.474074 0.021875 0.120370
0 0.622396 0.455556 0.017708 0.075926
0 0.576042 0.458333 0.015625 0.087037
0 0.565625 0.456944 0.017708 0.089815
0 0.339062 0.462037 0.016667 0.081481
0 0.385417 0.456944 0.014583 0.080556
0 0.304688 0.457870 0.016667 0.073148
0 0.286458 0.460185 0.014583 0.068519
0 0.245833 0.460648 0.013542 0.069444
0 0.284375 0.456019 0.009375 0.058333
0 0.310937 0.449537 0.009375 0.045370
0 0.307812 0.442593 0.009375 0.044444
0 0.311719 0.443981 0.009896 0.045370
0 0.296615 0.431481 0.006771 0.029630
0 0.302865 0.428704 0.006771 0.029630
0 0.575260 0.460185 0.018229 0.090741
