0 0.432812 0.570833 0.056250 0.332407
0 0.557552 0.498148 0.020313 0.101852
0 0.575781 0.500463 0.019271 0.104630
0 0.615104 0.460648 0.019792 0.091667
0 0.528646 0.457870 0.018750 0.091667
0 0.579948 0.455093 0.020313 0.100926
0 0.513281 0.459722 0.018229 0.104630
0 0.347917 0.616667 0.106250 0.451852
0 0.492969 0.550926 0.057813 0.279630
0 0.370052 0.580556 0.064062 0.333333
0 0.251563 0.480556 0.017708 0.100000
0 0.273177 0.471759 0.018229 0.097222
0 0.261979 0.471759 0.015625 0.095370
0 0.225781 0.481481 0.025521 0.094444
0 0.251823 0.462500 0.016146 0.076852
0 0.310937 0.490741 0.026042 0.135185
0 0.527083 0.524537 0.055208 0.247222
0 0.608854 0.462037 0.016667 0.083333
0 0.493229 0.466667 0.018750 0.116667
0 0.308854 0.449537 0.010417 0.056481
0 0.317448 0.456481 0.013021 0.061111
0 0.302865 0.458796 0.010937 0.062037
0 0.291667 0.453241 0.013542 0.067593
0 0.314583 0.452778 0.011458 0.061111
0 0.276302 0.454167 0.015104 0.062037
0 0.501302 0.454167 0.016146 0.089815
0 0.309896 0.411574 0.010417 0.039815
0 0.315625 0.411111 0.009375 0.038889
0 0.501042 0.454630 0.011458 0.066667
0 0.287500 0.445370 0.011458 0.050000
