0 0.541927 0.592130 0.088021 0.399074
0 0.557552 0.499537 0.020313 0.097222
0 0.575781 0.500000 0.020313 0.103704
0 0.591667 0.462500 0.019792 0.091667
0 0.519010 0.454167 0.016146 0.080556
0 0.581771 0.455093 0.019792 0.100926
0 0.515885 0.465278 0.018229 0.104630
0 0.522135 0.669444 0.082812 0.585185
0 0.690365 0.577778 0.103646 0.344444
0 0.451562 0.612500 0.069792 0.421296
0 0.225000 0.480556 0.019792 0.101852
0 0.275521 0.469907 0.016667 0.100926
0 0.252865 0.471759 0.016146 0.095370
0 0.224479 0.481944 0.025000 0.093519
0 0.230729 0.464815 0.015625 0.075926
0 0.355469 0.501389 0.031771 0.173148
0 0.700260 0.546296 0.078646 0.311111
0 0.972656 0.548611 0.053646 0.347222
0 0.673698 0.462963 0.025521 0.096296
0 0.584375 0.465278 0.030208 0.106481
0 0.405729 0.451389 0.012500 0.063889
0 0.407552 0.450000 0.014063 0.066667
0 0.319792 0.451389 0.010417 0.054630
0 0.328125 0.450926 0.009375 0.055556
0 0.266406 0.466667 0.011979 0.075926
0 0.312240 0.454630 0.010937 0.057407
0 0.299219 0.456481 0.009896 0.057407
0 0.292969 0.450926 0.011979 0.059259
0 0.318490 0.451389 0.011979 0.052778
0 0.305729 0.450000 0.011458 0.059259
0 0.279167 0.452315 0.014583 0.056481
0 0.524740 0.457407 0.016146 0.083333
0 0.312500 0.420833 0.010417 0.039815
0 0.318229 0.417593 0.009375 0.038889
