0 0.621875 0.610185 0.083333 0.485185
0 0.568750 0.489352 0.021875 0.113889
0 0.575781 0.499537 0.022396 0.102778
0 0.496615 0.449074 0.014063 0.068519
0 0.583854 0.455093 0.019792 0.102778
0 0.523438 0.462963 0.018750 0.098148
0 0.617969 0.655556 0.116146 0.561111
0 0.541146 0.629167 0.067708 0.476852
0 0.209375 0.481481 0.027083 0.103704
0 0.253646 0.470833 0.017708 0.100926
0 0.228646 0.472222 0.015625 0.100000
0 0.225781 0.481019 0.022396 0.095370
0 0.222917 0.464352 0.016667 0.076852
0 0.323958 0.544444 0.073958 0.329630
0 0.229687 0.547222 0.079167 0.281481
0 0.170052 0.578704 0.059896 0.329630
0 0.060677 0.572685 0.098437 0.337963
0 0.564583 0.526852 0.044792 0.251852
0 0.504427 0.490278 0.032813 0.175000
0 0.661198 0.457407 0.019271 0.088889
0 0.504427 0.455093 0.011979 0.069444
0 0.486458 0.450000 0.013542 0.070370
0 0.332813 0.455556 0.014583 0.066667
0 0.375781 0.451389 0.013021 0.062037
0 0.282552 0.454167 0.013021 0.060185
0 0.273958 0.456019 0.012500 0.062037
0 0.264062 0.462037 0.012500 0.075926
0 0.281250 0.450463 0.009375 0.049074
0 0.308854 0.449537 0.010417 0.049074
0 0.299479 0.451852 0.009375 0.053704
0 0.315365 0.446759 0.009896 0.049074
0 0.310156 0.445370 0.009896 0.050000
0 0.291406 0.449537 0.009896 0.052778
0 0.535677 0.454167 0.014063 0.069444
0 0.586719 0.462037 0.018229 0.092593
