0 0.591667 0.467130 0.019792 0.139815
0 0.567448 0.470370 0.021354 0.114815
0 0.524219 0.456944 0.019271 0.091667
0 0.529167 0.461574 0.020833 0.093519
0 0.479687 0.462500 0.017708 0.091667
0 0.934375 0.686574 0.130208 0.625000
0 0.211198 0.481019 0.024479 0.104630
0 0.230208 0.472222 0.015625 0.096296
0 0.228385 0.473148 0.015104 0.100000
0 0.227865 0.480556 0.022396 0.092593
0 0.230729 0.461574 0.017708 0.076852
0 0.569792 0.514815 0.058333 0.264815
0 0.620833 0.513426 0.043750 0.228704
0 0.637760 0.535185 0.065104 0.253704
0 0.528385 0.512963 0.054688 0.225926
0 0.341146 0.468981 0.017708 0.099074
0 0.659115 0.459259 0.022396 0.103704
0 0.354948 0.466667 0.019271 0.094444
0 0.385937 0.462963 0.020833 0.094444
0 0.313542 0.461574 0.017708 0.076852
0 0.295573 0.463426 0.014063 0.075000
0 0.237240 0.462037 0.010937 0.066667
0 0.284635 0.448611 0.009896 0.052778
0 0.289844 0.460185 0.013021 0.068519
0 0.310156 0.429630 0.009896 0.040741
0 0.310417 0.437963 0.009375 0.040741
0 0.297396 0.422222 0.006250 0.027778
0 0.303385 0.419444 0.006771 0.029630
0 0.411198 0.443981 0.014063 0.052778
0 0.552344 0.457407 0.016146 0.085185
