0 0.620313 0.612037 0.086458 0.464815
0 0.573698 0.486111 0.022396 0.120370
0 0.575521 0.499537 0.022917 0.102778
0 0.494271 0.448611 0.013542 0.065741
0 0.582292 0.455093 0.019792 0.102778
0 0.526302 0.459722 0.018229 0.097222
0 0.613281 0.654630 0.106771 0.559259
0 0.545052 0.629167 0.067187 0.476852
0 0.210938 0.481481 0.027083 0.103704
0 0.249219 0.471759 0.018229 0.100926
0 0.227083 0.472222 0.015625 0.100000
0 0.225781 0.481019 0.022396 0.095370
0 0.223958 0.464352 0.016667 0.076852
0 0.372135 0.536111 0.080729 0.309259
0 0.288021 0.540278 0.068750 0.273148
0 0.228385 0.564815 0.055729 0.303704
0 0.137760 0.568519 0.095312 0.325926
0 0.599479 0.529167 0.050000 0.252778
0 0.478385 0.487037 0.029687 0.162963
0 0.655469 0.457407 0.018229 0.088889
0 0.511198 0.456481 0.014063 0.072222
0 0.499479 0.452315 0.013542 0.071296
0 0.331250 0.456481 0.014583 0.068519
0 0.379167 0.450926 0.012500 0.064815
0 0.286458 0.453704 0.012500 0.064815
0 0.275521 0.456019 0.012500 0.062037
0 0.261719 0.462037 0.013021 0.075926
0 0.280990 0.450463 0.009896 0.049074
0 0.309115 0.448611 0.009896 0.047222
0 0.300260 0.449537 0.008854 0.050926
0 0.315104 0.446759 0.009375 0.049074
0 0.310677 0.444907 0.009896 0.049074
0 0.290625 0.448148 0.009375 0.051852
0 0.535937 0.453241 0.013542 0.067593
0 0.586719 0.462037 0.018229 0.092593
