0 0.407031 0.560185 0.060937 0.312963
0 0.557552 0.498148 0.020313 0.101852
0 0.576042 0.500463 0.018750 0.104630
0 0.631771 0.459722 0.019792 0.091667
0 0.530729 0.457870 0.018750 0.091667
0 0.578385 0.455556 0.020313 0.100000
0 0.509635 0.457870 0.018229 0.104630
0 0.323958 0.611574 0.079167 0.425000
0 0.458073 0.546296 0.044271 0.259259
0 0.348958 0.574537 0.063542 0.319444
0 0.255469 0.480556 0.018229 0.100000
0 0.270052 0.469907 0.018229 0.097222
0 0.261458 0.471759 0.015625 0.095370
0 0.223177 0.481481 0.032813 0.094444
0 0.253385 0.462500 0.016146 0.076852
0 0.314583 0.488426 0.022917 0.132407
0 0.485156 0.517130 0.034896 0.228704
0 0.596354 0.463889 0.017708 0.083333
0 0.457552 0.466204 0.021354 0.113889
0 0.307292 0.449537 0.010417 0.056481
0 0.318490 0.457407 0.013021 0.062963
0 0.305990 0.458796 0.010937 0.062037
0 0.295573 0.454167 0.013021 0.067593
0 0.316927 0.453704 0.011979 0.062963
0 0.278646 0.453704 0.015625 0.062963
0 0.491146 0.451852 0.015625 0.087037
0 0.309896 0.410648 0.010417 0.039815
0 0.315104 0.411111 0.009375 0.038889
0 0.505990 0.451389 0.011979 0.065741
0 0.289062 0.445370 0.011458 0.050000
