0 0.345052 0.543519 0.049479 0.268519
0 0.558333 0.498148 0.019792 0.101852
0 0.575781 0.500926 0.017188 0.105556
0 0.665365 0.460185 0.017188 0.092593
0 0.533333 0.460648 0.020833 0.104630
0 0.580729 0.456481 0.019792 0.100000
0 0.493490 0.455556 0.022396 0.105556
0 0.302083 0.560648 0.063542 0.300926
0 0.385937 0.522685 0.040625 0.200926
0 0.823438 0.455093 0.026042 0.115741
0 0.287760 0.549074 0.046354 0.261111
0 0.284115 0.473148 0.018229 0.087037
0 0.265885 0.469907 0.015104 0.095370
0 0.254688 0.478241 0.016667 0.093519
0 0.228646 0.463889 0.019792 0.077778
0 0.315365 0.483796 0.021354 0.125000
0 0.377604 0.505556 0.038542 0.179630
0 0.552083 0.456019 0.016667 0.071296
0 0.356250 0.480093 0.019792 0.115741
0 0.322917 0.461111 0.013542 0.068519
0 0.302344 0.453704 0.011979 0.066667
0 0.325260 0.456944 0.011979 0.069444
0 0.307292 0.411574 0.010417 0.039815
0 0.314583 0.411111 0.009375 0.038889
0 0.539583 0.449537 0.012500 0.063889
0 0.397656 0.459259 0.017188 0.088889
