0 0.592187 0.466204 0.020833 0.137963
0 0.566927 0.470370 0.021354 0.114815
0 0.525000 0.457407 0.018750 0.092593
0 0.528385 0.461574 0.020313 0.093519
0 0.479167 0.462500 0.017708 0.091667
0 0.935156 0.686574 0.128646 0.625000
0 0.211198 0.481019 0.024479 0.104630
0 0.230208 0.472222 0.015625 0.096296
0 0.228385 0.473148 0.015104 0.100000
0 0.227604 0.480556 0.021875 0.092593
0 0.230990 0.461574 0.018229 0.076852
0 0.573698 0.514352 0.053646 0.263889
0 0.621354 0.513426 0.043750 0.228704
0 0.639844 0.534259 0.065104 0.253704
0 0.529687 0.512963 0.055208 0.224074
0 0.340365 0.468981 0.017188 0.099074
0 0.663281 0.459259 0.023438 0.101852
0 0.355208 0.467130 0.019792 0.095370
0 0.385937 0.462963 0.020833 0.094444
0 0.314063 0.461574 0.017708 0.076852
0 0.296094 0.463889 0.014063 0.074074
0 0.236719 0.462963 0.010937 0.066667
0 0.285677 0.448611 0.009896 0.052778
0 0.289844 0.460185 0.013021 0.068519
0 0.310156 0.429167 0.009896 0.041667
0 0.310417 0.437037 0.009375 0.040741
0 0.297396 0.422222 0.006250 0.027778
0 0.303385 0.418519 0.006771 0.029630
0 0.411719 0.443519 0.014063 0.051852
0 0.551823 0.456019 0.016146 0.086111
