0 0.845052 0.654630 0.049479 0.214815
0 0.250521 0.033333 0.031250 0.066667
0 0.225260 0.604630 0.050521 0.229630
0 0.916927 0.518519 0.051562 0.192593
0 0.461719 0.928704 0.039062 0.140741
0 0.351042 0.816667 0.036458 0.231481
0 0.433333 0.213889 0.032292 0.157407
0 0.499479 0.011574 0.025000 0.023148
0 0.338542 0.125926 0.020833 0.129630
0 0.162500 0.288426 0.029167 0.163889
0 0.136458 0.285648 0.031250 0.180556
0 0.589323 0.976852 0.052604 0.044444
0 0.635417 0.980093 0.048958 0.037963
0 0.402865 0.145370 0.024479 0.140741
0 0.403646 0.123611 0.027083 0.158333
0 0.298438 0.040741 0.023958 0.081481
0 0.262500 0.106019 0.022917 0.134259
0 0.305729 0.183333 0.025000 0.162963
0 0.168490 0.061111 0.026562 0.122222
0 0.200000 0.183333 0.025000 0.159259
0 0.163021 0.193519 0.025000 0.155556
0 0.194531 0.168519 0.026562 0.157407
0 0.129688 0.199074 0.028125 0.148148
0 0.122135 0.181019 0.026562 0.167593
0 0.150521 0.168056 0.029167 0.162037
0 0.156771 0.141667 0.027083 0.151852
0 0.118229 0.174074 0.020833 0.159259
0 0.472917 0.032407 0.026042 0.064815
0 0.181510 0.423148 0.035937 0.196296
0 0.256510 0.066204 0.027604 0.132407
0 0.747656 0.899537 0.051562 0.199074
0 0.701302 0.911111 0.043229 0.175926
0 0.863802 0.229630 0.038021 0.168519
0 0.790625 0.229167 0.027083 0.158333
0 0.786458 0.071296 0.030208 0.131481
0 0.812500 0.026389 0.027083 0.052778
0 0.771094 0.020833 0.025521 0.041667
0 0.263021 0.194907 0.022917 0.163889
0 0.234896 0.199074 0.036458 0.150000
0 0.158854 0.053241 0.028125 0.106481
0 0.225521 0.080556 0.028125 0.148148
0 0.197135 0.075463 0.025521 0.141667
0 0.229687 0.070370 0.022917 0.140741
0 0.842708 0.016667 0.020833 0.033333
0 0.590104 0.046759 0.033333 0.093519
