0 0.535937 0.587037 0.086458 0.394444
0 0.557552 0.499537 0.020313 0.097222
0 0.575781 0.500000 0.020313 0.103704
0 0.591667 0.462500 0.019792 0.091667
0 0.519792 0.454630 0.016667 0.081481
0 0.581771 0.455093 0.019792 0.100926
0 0.515625 0.464815 0.018750 0.105556
0 0.510156 0.663889 0.088021 0.574074
0 0.672656 0.574537 0.080729 0.337963
0 0.446094 0.607870 0.073438 0.412037
0 0.226823 0.481019 0.018229 0.102778
0 0.275521 0.469907 0.016667 0.100926
0 0.253906 0.471759 0.016146 0.095370
0 0.224479 0.481944 0.025000 0.093519
0 0.234896 0.463889 0.015625 0.075926
0 0.351042 0.501389 0.034375 0.171296
0 0.680208 0.544907 0.055208 0.306481
0 0.668490 0.462500 0.025521 0.095370
0 0.579167 0.465278 0.025000 0.106481
0 0.402344 0.451389 0.011979 0.063889
0 0.406250 0.450000 0.011458 0.066667
0 0.318750 0.450463 0.010417 0.054630
0 0.326042 0.450926 0.009375 0.055556
0 0.266667 0.466667 0.011458 0.075926
0 0.312760 0.454630 0.010937 0.057407
0 0.299740 0.456481 0.009896 0.057407
0 0.292448 0.451389 0.011979 0.060185
0 0.319010 0.451389 0.011979 0.052778
0 0.305729 0.450000 0.011458 0.059259
0 0.278646 0.452778 0.014583 0.057407
0 0.523698 0.457870 0.016146 0.084259
0 0.311979 0.419907 0.010417 0.039815
0 0.317708 0.416667 0.009375 0.038889
