0 0.817448 0.643056 0.092188 0.537963
0 0.589583 0.472222 0.018750 0.144444
0 0.584115 0.484722 0.027604 0.128704
0 0.502083 0.449537 0.015625 0.073148
0 0.536458 0.462037 0.019792 0.100000
0 0.513281 0.459259 0.018229 0.090741
0 0.886979 0.673611 0.158333 0.650926
0 0.754948 0.690741 0.127604 0.605556
0 0.211979 0.481019 0.026042 0.104630
0 0.229948 0.472222 0.017188 0.100000
0 0.227865 0.473148 0.015104 0.100000
0 0.227344 0.480093 0.022396 0.093519
0 0.228125 0.462500 0.017708 0.076852
0 0.480729 0.516204 0.048958 0.276852
0 0.569010 0.518981 0.050521 0.223148
0 0.510677 0.541667 0.073438 0.261111
0 0.408594 0.525000 0.057813 0.248148
0 0.970313 0.604630 0.058333 0.485185
0 0.371094 0.472685 0.021354 0.119444
0 0.622396 0.454167 0.017708 0.078704
0 0.594271 0.463426 0.021875 0.086111
0 0.579167 0.459259 0.017708 0.090741
0 0.342187 0.463889 0.016667 0.083333
0 0.384115 0.457870 0.014063 0.082407
0 0.306250 0.460648 0.016667 0.073148
0 0.288542 0.461574 0.013542 0.069444
0 0.244531 0.459722 0.013021 0.067593
0 0.284635 0.456481 0.009896 0.061111
0 0.307812 0.438426 0.009375 0.043519
0 0.311719 0.443981 0.009896 0.045370
0 0.296094 0.429630 0.006771 0.029630
0 0.302344 0.426852 0.006771 0.029630
0 0.561458 0.462037 0.017708 0.088889
