0 0.632812 0.361111 0.030208 0.142593
0 0.459375 0.348148 0.029167 0.142593
0 0.282552 0.423611 0.080729 0.380556
0 0.976302 0.650000 0.046354 0.698148
0 0.225781 0.387037 0.067187 0.292593
0 0.500521 0.350926 0.029167 0.129630
0 0.546615 0.323148 0.014063 0.055556
0 0.592708 0.355556 0.037500 0.159259
0 0.318490 0.339352 0.021354 0.100926
0 0.599219 0.356481 0.025521 0.148148
0 0.699479 0.347685 0.021875 0.113889
0 0.275521 0.355093 0.020833 0.121296
0 0.251042 0.355556 0.022917 0.120370
0 0.304688 0.366667 0.021875 0.131481
0 0.006510 0.357870 0.013021 0.158333
0 0.515885 0.330556 0.009896 0.037037
0 0.393750 0.323148 0.015625 0.062963
0 0.370312 0.321296 0.015625 0.072222
0 0.354687 0.323611 0.012500 0.060185
0 0.367188 0.323611 0.011458 0.058333
