0 0.610677 0.380556 0.031771 0.144444
0 0.446354 0.366667 0.029167 0.142593
0 0.308594 0.423148 0.072396 0.346296
0 0.964844 0.629167 0.069271 0.739815
0 0.205469 0.396759 0.079687 0.276852
0 0.483854 0.368981 0.025000 0.128704
0 0.526302 0.341667 0.014063 0.057407
0 0.569010 0.372222 0.025521 0.157407
0 0.305469 0.349537 0.021354 0.100926
0 0.575000 0.374074 0.025000 0.144444
0 0.667969 0.365741 0.018229 0.114815
0 0.271354 0.364815 0.019792 0.120370
0 0.248958 0.362963 0.022917 0.120370
0 0.292969 0.370370 0.022396 0.129630
0 0.001563 0.370370 0.003125 0.148148
0 0.507552 0.335648 0.009896 0.036111
0 0.377344 0.347685 0.011979 0.060185
0 0.353646 0.342130 0.012500 0.073148
0 0.333333 0.342593 0.012500 0.059259
0 0.343229 0.346759 0.012500 0.058333
