0 0.846354 0.656019 0.052083 0.217593
0 0.345833 0.625463 0.046875 0.225000
0 0.916146 0.518981 0.039583 0.195370
0 0.493750 0.935185 0.041667 0.127778
0 0.351042 0.816667 0.036458 0.231481
0 0.431510 0.208333 0.036979 0.157407
0 0.337240 0.125463 0.020313 0.128704
0 0.196354 0.235185 0.028125 0.153704
0 0.216406 0.243981 0.030729 0.178704
0 0.405469 0.142130 0.027604 0.147222
0 0.395833 0.108333 0.030208 0.151852
0 0.302083 0.038889 0.028125 0.077778
0 0.297396 0.187963 0.028125 0.153704
0 0.174740 0.060185 0.023438 0.120370
0 0.209375 0.179167 0.029167 0.158333
0 0.164062 0.194444 0.026042 0.155556
0 0.198958 0.157870 0.023958 0.158333
0 0.133594 0.202778 0.027604 0.155556
0 0.119792 0.182407 0.027083 0.170370
0 0.152083 0.161574 0.032292 0.156481
0 0.190885 0.145370 0.025521 0.150000
0 0.119271 0.163889 0.020833 0.159259
0 0.467187 0.024074 0.026042 0.048148
0 0.196094 0.891667 0.048438 0.214815
0 0.497396 0.374537 0.035417 0.193519
0 0.454427 0.379167 0.034896 0.186111
0 0.640885 0.736574 0.046354 0.243519
0 0.929948 0.741667 0.047396 0.227778
0 0.961719 0.700000 0.038021 0.224074
0 0.765885 0.039815 0.029687 0.079630
0 0.729948 0.040741 0.023438 0.081481
0 0.954427 0.256019 0.035937 0.167593
0 0.885677 0.215741 0.027604 0.155556
0 0.781510 0.231944 0.032813 0.147222
0 0.635677 0.193056 0.028646 0.154630
0 0.453906 0.035185 0.025521 0.070370
0 0.414844 0.031481 0.023438 0.062963
0 0.401302 0.039352 0.026562 0.078704
0 0.276042 0.144444 0.025000 0.140741
0 0.218490 0.513889 0.034896 0.207407
0 0.178125 0.517593 0.042708 0.187037
0 0.245573 0.142593 0.028646 0.161111
0 0.246875 0.087963 0.032292 0.142593
0 0.212240 0.064352 0.028646 0.128704
0 0.235677 0.064352 0.025521 0.128704
0 0.226562 0.343056 0.035417 0.180556
0 0.180469 0.341204 0.031771 0.178704
0 0.276823 0.325000 0.033854 0.168519
0 0.383073 0.028241 0.020313 0.056481
