0 0.954427 0.633333 0.090104 0.731481
0 0.460417 0.456481 0.037500 0.161111
0 0.387500 0.433333 0.025000 0.116667
0 0.289062 0.425926 0.017708 0.088889
0 0.012760 0.465278 0.025521 0.197222
0 0.222917 0.433333 0.032292 0.124074
0 0.365104 0.425000 0.021875 0.107407
0 0.364323 0.422685 0.018229 0.089815
0 0.044792 0.459722 0.030208 0.134259
0 0.441667 0.428241 0.020833 0.113889
0 0.395573 0.426852 0.017188 0.103704
0 0.177865 0.421759 0.018229 0.084259
0 0.166146 0.428241 0.014583 0.073148
0 0.198958 0.432870 0.017708 0.087963
0 0.154427 0.419907 0.009896 0.054630
0 0.319792 0.412500 0.013542 0.063889
