0 0.495573 0.582407 0.068229 0.370370
0 0.557292 0.500463 0.019792 0.097222
0 0.575781 0.500463 0.019271 0.104630
0 0.594271 0.462500 0.019792 0.091667
0 0.524219 0.456944 0.018229 0.089815
0 0.581771 0.455093 0.019792 0.100926
0 0.513281 0.462963 0.018229 0.105556
0 0.423958 0.645370 0.098958 0.540741
0 0.581771 0.563889 0.077083 0.303704
0 0.414323 0.594444 0.067187 0.348148
0 0.238542 0.481481 0.021875 0.100000
0 0.276562 0.470370 0.017708 0.101852
0 0.258594 0.472685 0.016146 0.095370
0 0.225260 0.482407 0.023438 0.094444
0 0.252083 0.462500 0.015625 0.076852
0 0.325781 0.499537 0.027604 0.156481
0 0.608333 0.536111 0.069792 0.274074
0 0.639583 0.461574 0.021875 0.091667
0 0.550000 0.468981 0.022917 0.113889
0 0.384635 0.451389 0.009896 0.062037
0 0.392708 0.449074 0.010417 0.064815
0 0.312240 0.448611 0.009896 0.056481
0 0.267708 0.466667 0.010417 0.075926
0 0.315365 0.455093 0.013021 0.058333
0 0.301042 0.456481 0.010417 0.057407
0 0.291406 0.451852 0.011979 0.061111
0 0.321615 0.453241 0.011979 0.052778
0 0.309896 0.450926 0.011458 0.059259
0 0.277604 0.453241 0.014583 0.058333
0 0.517969 0.457407 0.017188 0.090741
0 0.310937 0.415278 0.010417 0.039815
0 0.316146 0.412037 0.009375 0.038889
0 0.283333 0.446296 0.011458 0.050000
