0 0.651823 0.615741 0.090104 0.479630
0 0.583333 0.479630 0.022917 0.135185
0 0.575521 0.499537 0.022917 0.102778
0 0.489063 0.447685 0.013542 0.062037
0 0.727604 0.656019 0.233333 0.686111
0 0.572917 0.455556 0.019792 0.101852
0 0.527344 0.458796 0.018229 0.093519
0 0.625781 0.682870 0.111979 0.623148
0 0.566406 0.634259 0.074479 0.487037
0 0.210156 0.481481 0.026562 0.105556
0 0.235677 0.473148 0.018229 0.101852
0 0.227083 0.473148 0.015625 0.100000
0 0.226302 0.480556 0.022396 0.094444
0 0.225000 0.463426 0.016667 0.076852
0 0.423698 0.524537 0.052604 0.286111
0 0.389062 0.530093 0.039583 0.250926
0 0.321875 0.553704 0.073958 0.294444
0 0.256250 0.547222 0.064583 0.290741
0 0.693750 0.543056 0.079167 0.299074
0 0.440365 0.480093 0.026562 0.145370
0 0.642448 0.457407 0.018229 0.085185
0 0.528906 0.456944 0.017188 0.075000
0 0.517448 0.452315 0.013021 0.071296
0 0.331510 0.460185 0.015104 0.072222
0 0.383333 0.452778 0.012500 0.068519
0 0.292448 0.455556 0.013021 0.066667
0 0.277865 0.456944 0.013021 0.062037
0 0.254688 0.461111 0.013542 0.072222
0 0.281250 0.450463 0.010417 0.050926
0 0.310417 0.447685 0.009375 0.045370
0 0.300260 0.449537 0.008854 0.050926
0 0.314323 0.443519 0.008854 0.046296
0 0.311719 0.443519 0.009896 0.046296
0 0.536979 0.454167 0.012500 0.071296
0 0.586719 0.462037 0.018229 0.092593
