0 0.846354 0.654630 0.052083 0.214815
0 0.357812 0.651389 0.040625 0.230556
0 0.916146 0.517130 0.039583 0.195370
0 0.494531 0.932870 0.042188 0.132407
0 0.351042 0.816667 0.036458 0.231481
0 0.432552 0.208333 0.039062 0.157407
0 0.337240 0.125463 0.020313 0.128704
0 0.195052 0.236111 0.025521 0.155556
0 0.174740 0.239352 0.034896 0.176852
0 0.406510 0.141204 0.027604 0.147222
0 0.399740 0.116667 0.026562 0.155556
0 0.301563 0.038889 0.028125 0.077778
0 0.279427 0.014352 0.022396 0.028704
0 0.306250 0.187963 0.030208 0.157407
0 0.174740 0.059259 0.023438 0.118519
0 0.201042 0.177315 0.025000 0.158333
0 0.163021 0.193981 0.026042 0.154630
0 0.196094 0.161111 0.024479 0.161111
0 0.138021 0.200000 0.026042 0.153704
0 0.125260 0.180556 0.024479 0.170370
0 0.140625 0.164815 0.025000 0.161111
0 0.178646 0.150926 0.026042 0.150000
0 0.118750 0.169444 0.020833 0.159259
0 0.467187 0.024074 0.026042 0.048148
0 0.171615 0.715741 0.043229 0.231481
0 0.527083 0.524074 0.033333 0.209259
0 0.482812 0.541204 0.035417 0.210185
0 0.732292 0.938426 0.051042 0.121296
0 0.937240 0.740741 0.048438 0.214815
0 0.972135 0.700000 0.041146 0.235185
0 0.793490 0.069907 0.029687 0.139815
0 0.753906 0.076389 0.026562 0.137963
0 0.898177 0.131019 0.026562 0.156481
0 0.836719 0.102315 0.029687 0.139815
0 0.786458 0.152315 0.030208 0.143519
0 0.583333 0.072222 0.030208 0.142593
0 0.432292 0.013426 0.019792 0.026852
0 0.395052 0.032870 0.022396 0.065741
0 0.259115 0.063426 0.022396 0.126852
0 0.236458 0.383333 0.028125 0.188889
0 0.194010 0.388426 0.042188 0.163889
0 0.221875 0.134722 0.030208 0.160185
0 0.226302 0.037500 0.030729 0.075000
0 0.210156 0.023148 0.022396 0.046296
0 0.145833 0.055556 0.027083 0.111111
0 0.264844 0.244907 0.031771 0.171296
0 0.225521 0.239352 0.029167 0.165741
0 0.257552 0.223148 0.029687 0.157407
0 0.407031 0.029630 0.023438 0.059259
