0 0.974219 0.654167 0.050521 0.689815
0 0.456510 0.451852 0.036979 0.159259
0 0.386458 0.426852 0.023958 0.116667
0 0.293229 0.417593 0.017708 0.090741
0 0.967187 0.588426 0.064583 0.458333
0 0.010156 0.463889 0.020313 0.198148
0 0.222656 0.426389 0.023438 0.123148
0 0.364063 0.421296 0.021875 0.107407
0 0.365104 0.417593 0.018750 0.090741
0 0.043229 0.455093 0.030208 0.134259
0 0.443750 0.422685 0.020833 0.113889
0 0.397396 0.419907 0.016667 0.102778
0 0.177865 0.415278 0.018229 0.084259
0 0.166146 0.423611 0.014583 0.071296
0 0.196354 0.427315 0.017708 0.087963
0 0.153906 0.411574 0.009896 0.054630
0 0.321354 0.406019 0.013542 0.063889
