0 0.533333 0.587037 0.083333 0.394444
0 0.557552 0.499537 0.020313 0.097222
0 0.575781 0.500000 0.020313 0.103704
0 0.591667 0.462500 0.019792 0.091667
0 0.519792 0.454630 0.016667 0.081481
0 0.581771 0.455093 0.019792 0.100926
0 0.515365 0.464815 0.018229 0.105556
0 0.507031 0.662037 0.091146 0.570370
0 0.666406 0.574074 0.070312 0.337037
0 0.445052 0.607870 0.074479 0.412037
0 0.226823 0.481019 0.018229 0.102778
0 0.275521 0.469907 0.016667 0.100926
0 0.254167 0.471759 0.015625 0.095370
0 0.224479 0.481944 0.025000 0.093519
0 0.235937 0.463889 0.015625 0.075926
0 0.350000 0.500926 0.036458 0.170370
0 0.674740 0.545370 0.051562 0.305556
0 0.667188 0.462500 0.025000 0.095370
0 0.578125 0.465278 0.023958 0.106481
0 0.401823 0.451389 0.011979 0.063889
0 0.405990 0.450000 0.010937 0.066667
0 0.318229 0.450463 0.010417 0.054630
0 0.325521 0.450926 0.009375 0.055556
0 0.266667 0.466667 0.011458 0.075926
0 0.312760 0.454630 0.010937 0.057407
0 0.299740 0.456481 0.009896 0.057407
0 0.292448 0.451389 0.011979 0.060185
0 0.319010 0.451389 0.011979 0.052778
0 0.305729 0.450000 0.011458 0.059259
0 0.278646 0.452778 0.014583 0.057407
0 0.523438 0.457407 0.016667 0.085185
0 0.311979 0.419907 0.010417 0.039815
0 0.317708 0.416667 0.009375 0.038889
