0 0.568229 0.602315 0.082292 0.425000
0 0.557813 0.498148 0.020833 0.098148
0 0.575521 0.500000 0.020833 0.103704
0 0.593750 0.461574 0.019792 0.091667
0 0.512240 0.450926 0.014063 0.070370
0 0.581771 0.454167 0.019792 0.100926
0 0.520833 0.467130 0.018750 0.104630
0 0.563802 0.664815 0.078646 0.587037
0 0.864323 0.608796 0.116146 0.425000
0 0.494271 0.627315 0.084375 0.469444
0 0.209896 0.481019 0.021875 0.102778
0 0.273438 0.471296 0.016667 0.100000
0 0.238021 0.472685 0.015625 0.099074
0 0.225000 0.481481 0.023958 0.094444
0 0.219271 0.465278 0.015625 0.076852
0 0.413542 0.505093 0.033333 0.189815
0 0.836719 0.563426 0.095312 0.367593
0 0.753906 0.522222 0.067187 0.266667
0 0.730208 0.460185 0.023958 0.098148
0 0.618490 0.462963 0.024479 0.100000
0 0.441146 0.448148 0.011458 0.064815
0 0.425000 0.448148 0.013542 0.070370
0 0.331250 0.452315 0.010417 0.054630
0 0.349740 0.450926 0.011979 0.055556
0 0.268490 0.466667 0.011979 0.074074
0 0.307292 0.453704 0.011458 0.055556
0 0.298438 0.454167 0.015625 0.054630
0 0.295573 0.449074 0.009896 0.055556
0 0.316406 0.449537 0.011979 0.050926
0 0.307552 0.449074 0.010937 0.057407
0 0.284115 0.450926 0.010937 0.055556
0 0.533333 0.457870 0.015625 0.073148
0 0.315625 0.427315 0.010417 0.039815
