0 0.711458 0.637037 0.097917 0.509259
0 0.588802 0.474074 0.019271 0.144444
0 0.575521 0.494444 0.021875 0.112963
0 0.487500 0.444444 0.013542 0.059259
0 0.093229 0.683796 0.186458 0.630556
0 0.554688 0.457870 0.019792 0.100926
0 0.526302 0.459259 0.018229 0.090741
0 0.734896 0.683333 0.096875 0.631481
0 0.637500 0.662037 0.080208 0.542593
0 0.211198 0.481481 0.026562 0.105556
0 0.230990 0.473611 0.018229 0.100926
0 0.227344 0.473148 0.015104 0.100000
0 0.226823 0.480556 0.022396 0.094444
0 0.226302 0.463426 0.017188 0.076852
0 0.457552 0.518056 0.044271 0.278704
0 0.469531 0.514815 0.045312 0.237037
0 0.413281 0.540741 0.049479 0.275926
0 0.339583 0.528704 0.039583 0.255556
0 0.810677 0.562037 0.061979 0.359259
0 0.407292 0.475000 0.023958 0.129630
0 0.630469 0.456019 0.018229 0.078704
0 0.553646 0.460185 0.015625 0.083333
0 0.544010 0.455556 0.016146 0.077778
0 0.332292 0.461111 0.017708 0.077778
0 0.386979 0.456019 0.014583 0.075000
0 0.301302 0.454630 0.016146 0.070370
0 0.281510 0.458796 0.013021 0.065741
0 0.249740 0.461111 0.014063 0.070370
0 0.282552 0.454167 0.008854 0.058333
0 0.311458 0.449537 0.009375 0.045370
0 0.310156 0.443519 0.008854 0.044444
0 0.311719 0.443981 0.009896 0.045370
0 0.536458 0.453704 0.014583 0.072222
0 0.585156 0.461111 0.018229 0.092593
