0 0.621615 0.610185 0.083854 0.485185
0 0.569010 0.489352 0.021354 0.113889
0 0.575781 0.499537 0.022396 0.102778
0 0.496615 0.449074 0.014063 0.068519
0 0.583854 0.455093 0.019792 0.102778
0 0.523438 0.462963 0.018750 0.098148
0 0.618490 0.655556 0.117188 0.561111
0 0.541667 0.629167 0.067708 0.476852
0 0.209896 0.481481 0.027083 0.103704
0 0.253646 0.470833 0.017708 0.100926
0 0.228125 0.472222 0.015625 0.100000
0 0.225781 0.481019 0.022396 0.095370
0 0.223177 0.464352 0.016146 0.076852
0 0.325260 0.543519 0.071354 0.329630
0 0.233333 0.547222 0.086458 0.281481
0 0.174740 0.578704 0.052604 0.327778
0 0.064583 0.571759 0.090625 0.336111
0 0.566406 0.526389 0.044271 0.250926
0 0.503125 0.489815 0.032292 0.174074
0 0.660937 0.457407 0.019792 0.088889
0 0.504948 0.455093 0.011979 0.069444
0 0.486979 0.450000 0.013542 0.070370
0 0.332813 0.455556 0.014583 0.066667
0 0.375781 0.451389 0.013021 0.062037
0 0.282552 0.454167 0.013021 0.060185
0 0.273958 0.456019 0.012500 0.062037
0 0.264062 0.462037 0.012500 0.075926
0 0.281250 0.450463 0.009375 0.049074
0 0.308854 0.449537 0.010417 0.049074
0 0.299479 0.451852 0.009375 0.053704
0 0.315365 0.446759 0.009896 0.049074
0 0.310156 0.445370 0.009896 0.050000
0 0.291406 0.449537 0.009896 0.052778
0 0.535677 0.454167 0.014063 0.069444
0 0.586719 0.462037 0.018229 0.092593
