0 0.620833 0.609259 0.084375 0.487037
0 0.569792 0.488426 0.021875 0.115741
0 0.575781 0.499537 0.022396 0.102778
0 0.496094 0.449074 0.014063 0.066667
0 0.583854 0.455093 0.019792 0.102778
0 0.523438 0.462037 0.018750 0.098148
0 0.619010 0.655093 0.118229 0.560185
0 0.542188 0.629167 0.067708 0.476852
0 0.209896 0.481481 0.027083 0.103704
0 0.253125 0.470833 0.017708 0.100926
0 0.228125 0.472222 0.015625 0.100000
0 0.225781 0.481019 0.022396 0.095370
0 0.223177 0.464352 0.016146 0.076852
0 0.329688 0.540741 0.063542 0.327778
0 0.238802 0.545833 0.092188 0.278704
0 0.188542 0.577778 0.067708 0.322222
0 0.077865 0.570833 0.086979 0.334259
0 0.571354 0.525463 0.041667 0.249074
0 0.498698 0.490278 0.031771 0.171296
0 0.660417 0.457407 0.018750 0.088889
0 0.505990 0.456019 0.011979 0.071296
0 0.489583 0.450926 0.013542 0.070370
0 0.332292 0.455556 0.014583 0.066667
0 0.376042 0.450926 0.013542 0.062963
0 0.283594 0.454167 0.013021 0.062037
0 0.273958 0.456019 0.012500 0.062037
0 0.263802 0.462037 0.013021 0.075926
0 0.281250 0.450463 0.009375 0.049074
0 0.308854 0.449537 0.010417 0.049074
0 0.300000 0.451389 0.009375 0.052778
0 0.315365 0.446759 0.009896 0.049074
0 0.310156 0.445370 0.009896 0.050000
0 0.291667 0.449074 0.009375 0.051852
0 0.535677 0.453704 0.014063 0.068519
0 0.586719 0.462037 0.018229 0.092593
