0 0.624479 0.613889 0.091667 0.464815
0 0.557813 0.497222 0.020833 0.098148
0 0.575521 0.499537 0.021875 0.102778
0 0.503385 0.450000 0.014063 0.070370
0 0.583073 0.456019 0.020313 0.100926
0 0.524219 0.464352 0.018229 0.100926
0 0.605729 0.656944 0.098958 0.563889
0 0.510156 0.634722 0.076563 0.489815
0 0.209115 0.480556 0.023438 0.101852
0 0.261458 0.471296 0.016667 0.103704
0 0.231250 0.472222 0.015625 0.100000
0 0.225260 0.481019 0.023438 0.095370
0 0.221094 0.465278 0.016146 0.076852
0 0.192448 0.563889 0.097396 0.379630
0 0.055208 0.564815 0.071875 0.316667
0 0.491146 0.508796 0.039583 0.200926
0 0.595313 0.506019 0.045833 0.213889
0 0.791406 0.456481 0.025521 0.101852
0 0.654948 0.461574 0.024479 0.097222
0 0.478906 0.450000 0.011979 0.064815
0 0.455208 0.448148 0.013542 0.070370
0 0.335938 0.455093 0.012500 0.062037
0 0.365625 0.450463 0.011458 0.060185
0 0.269531 0.462963 0.014063 0.074074
0 0.280469 0.449537 0.008854 0.047222
0 0.307812 0.451852 0.010417 0.053704
0 0.296875 0.451852 0.009375 0.053704
0 0.297135 0.448611 0.009896 0.054630
0 0.316667 0.448148 0.011458 0.048148
0 0.308594 0.446759 0.010937 0.052778
0 0.288021 0.450000 0.010417 0.053704
0 0.534635 0.455556 0.015104 0.072222
0 0.593229 0.461574 0.019792 0.091667
