0 0.620052 0.611111 0.085938 0.472222
0 0.572917 0.486574 0.021875 0.119444
0 0.575521 0.499537 0.022917 0.102778
0 0.494792 0.448611 0.013542 0.065741
0 0.582552 0.455093 0.020313 0.102778
0 0.525781 0.460185 0.018229 0.096296
0 0.614583 0.654630 0.109375 0.559259
0 0.544271 0.629167 0.067708 0.476852
0 0.210417 0.481481 0.027083 0.103704
0 0.249740 0.471759 0.018229 0.100926
0 0.227604 0.472222 0.015625 0.100000
0 0.225781 0.481019 0.022396 0.095370
0 0.223698 0.464352 0.016146 0.076852
0 0.368490 0.536111 0.073438 0.312963
0 0.279167 0.539352 0.059375 0.273148
0 0.221875 0.568981 0.065625 0.308333
0 0.129688 0.571296 0.104167 0.327778
0 0.595313 0.529167 0.050000 0.252778
0 0.481771 0.487037 0.029167 0.162963
0 0.656510 0.457407 0.018229 0.088889
0 0.510677 0.456481 0.014063 0.072222
0 0.497917 0.451852 0.013542 0.070370
0 0.331250 0.456019 0.014583 0.067593
0 0.378906 0.450926 0.013021 0.064815
0 0.285938 0.453704 0.012500 0.064815
0 0.275521 0.456019 0.012500 0.062037
0 0.261719 0.462037 0.013021 0.075926
0 0.280990 0.450463 0.009896 0.049074
0 0.309115 0.448611 0.009896 0.047222
0 0.300260 0.449537 0.008854 0.050926
0 0.315104 0.446759 0.009375 0.049074
0 0.310677 0.444907 0.009896 0.049074
0 0.291146 0.448148 0.009375 0.051852
0 0.535937 0.453704 0.013542 0.068519
0 0.586719 0.462037 0.018229 0.092593
