0 0.846354 0.656481 0.052083 0.218519
0 0.335156 0.620833 0.054688 0.221296
0 0.916146 0.519907 0.039583 0.195370
0 0.489583 0.937500 0.041667 0.123148
0 0.351042 0.816667 0.036458 0.231481
0 0.431510 0.208333 0.036979 0.157407
0 0.337240 0.125463 0.020313 0.128704
0 0.206510 0.234259 0.026562 0.153704
0 0.230469 0.243056 0.034896 0.178704
0 0.404948 0.142593 0.026562 0.148148
0 0.396094 0.108796 0.028646 0.152778
0 0.302083 0.038889 0.028125 0.077778
0 0.296354 0.188426 0.030208 0.154630
0 0.173437 0.060185 0.020833 0.120370
0 0.212500 0.178241 0.029167 0.160185
0 0.164062 0.194907 0.026042 0.154630
0 0.199219 0.158333 0.023438 0.159259
0 0.133854 0.203704 0.027083 0.153704
0 0.117708 0.181944 0.023958 0.169444
0 0.151823 0.161574 0.031771 0.156481
0 0.190625 0.145370 0.026042 0.150000
0 0.119271 0.162963 0.020833 0.159259
0 0.467187 0.024074 0.026042 0.048148
0 0.201042 0.907870 0.048958 0.182407
0 0.499740 0.355093 0.034896 0.191667
0 0.455729 0.366204 0.031250 0.184259
0 0.630729 0.703704 0.046875 0.238889
0 0.930469 0.742593 0.047396 0.227778
0 0.949479 0.699074 0.039583 0.225926
0 0.761458 0.035185 0.029167 0.070370
0 0.722656 0.035648 0.023438 0.071296
0 0.962240 0.272222 0.033854 0.174074
0 0.890365 0.232870 0.029687 0.160185
0 0.783073 0.243056 0.032813 0.147222
0 0.646875 0.212963 0.032292 0.155556
0 0.456771 0.037037 0.026042 0.074074
0 0.416667 0.031481 0.023958 0.062963
0 0.407552 0.039352 0.026562 0.078704
0 0.277604 0.153704 0.027083 0.140741
0 0.215885 0.532407 0.032813 0.207407
0 0.177604 0.535185 0.045833 0.187037
0 0.243750 0.143056 0.031250 0.160185
0 0.252865 0.101389 0.030729 0.149074
0 0.213021 0.068519 0.030208 0.137037
0 0.236458 0.068519 0.025000 0.137037
0 0.223698 0.354630 0.036979 0.179630
0 0.177344 0.352778 0.032813 0.177778
0 0.277865 0.343056 0.033854 0.169444
0 0.388281 0.028704 0.025521 0.057407
