0 0.502083 0.425000 0.033333 0.153704
0 0.439844 0.405093 0.025521 0.119444
0 0.377865 0.400463 0.019271 0.104630
0 0.962760 0.574074 0.073438 0.524074
0 0.037760 0.448148 0.050521 0.220370
0 0.256250 0.408333 0.035417 0.131481
0 0.430729 0.405556 0.021875 0.107407
0 0.439323 0.398148 0.019271 0.098148
0 0.130208 0.423611 0.029167 0.132407
0 0.531510 0.400463 0.025521 0.137963
0 0.476302 0.393056 0.016146 0.102778
0 0.241406 0.401389 0.017188 0.093519
0 0.233594 0.405556 0.013021 0.077778
0 0.261979 0.406944 0.017708 0.087963
0 0.232292 0.393981 0.012500 0.054630
0 0.393229 0.388426 0.013542 0.063889
0 0.052083 0.390278 0.011458 0.063889
0 0.076302 0.411111 0.017188 0.094444
0 0.075260 0.400926 0.011979 0.059259
