0 0.624740 0.613426 0.091146 0.467593
0 0.557813 0.497222 0.020833 0.098148
0 0.575521 0.499537 0.021875 0.102778
0 0.502865 0.450000 0.014063 0.070370
0 0.583594 0.456019 0.020313 0.100926
0 0.524219 0.464352 0.018229 0.100926
0 0.606771 0.656944 0.098958 0.563889
0 0.510938 0.634722 0.076042 0.489815
0 0.209115 0.480556 0.023438 0.101852
0 0.260937 0.471296 0.016667 0.103704
0 0.230729 0.472222 0.015625 0.100000
0 0.225260 0.481019 0.023438 0.095370
0 0.221615 0.465278 0.016146 0.076852
0 0.201302 0.561111 0.082812 0.377778
0 0.072135 0.563889 0.077604 0.312963
0 0.495833 0.508796 0.039583 0.200926
0 0.585938 0.504630 0.045833 0.205556
0 0.795052 0.456481 0.021354 0.101852
0 0.654427 0.461111 0.023438 0.096296
0 0.480990 0.450000 0.011979 0.064815
0 0.457292 0.448148 0.013542 0.070370
0 0.335938 0.455093 0.012500 0.062037
0 0.366146 0.450000 0.011458 0.061111
0 0.269531 0.462963 0.014063 0.074074
0 0.280469 0.449537 0.008854 0.047222
0 0.307812 0.451852 0.010417 0.053704
0 0.297396 0.451852 0.009375 0.053704
0 0.297135 0.448611 0.009896 0.054630
0 0.316927 0.448148 0.010937 0.048148
0 0.308854 0.446759 0.010417 0.052778
0 0.288021 0.450000 0.010417 0.053704
0 0.534635 0.455093 0.015104 0.071296
0 0.593229 0.461574 0.019792 0.091667
