0 0.622135 0.610185 0.082812 0.483333
0 0.567708 0.490278 0.021875 0.112037
0 0.575781 0.499537 0.022396 0.102778
0 0.497135 0.449074 0.014063 0.068519
0 0.583854 0.455093 0.019792 0.102778
0 0.523438 0.462963 0.018750 0.098148
0 0.616406 0.656019 0.113021 0.562037
0 0.540625 0.629167 0.067708 0.476852
0 0.209375 0.481481 0.027083 0.103704
0 0.254167 0.470833 0.018750 0.100926
0 0.228646 0.472222 0.015625 0.100000
0 0.225781 0.481481 0.022396 0.096296
0 0.222917 0.464352 0.016667 0.076852
0 0.318229 0.545370 0.072917 0.333333
0 0.210156 0.546296 0.055729 0.283333
0 0.152604 0.581019 0.089583 0.336111
0 0.052344 0.574537 0.104688 0.341667
0 0.557031 0.524537 0.047396 0.245370
0 0.510156 0.493056 0.036979 0.178704
0 0.662240 0.457407 0.020313 0.088889
0 0.502865 0.454167 0.011979 0.067593
0 0.483333 0.449074 0.013542 0.070370
0 0.333333 0.455556 0.014583 0.066667
0 0.375521 0.451389 0.012500 0.062037
0 0.281771 0.454167 0.012500 0.060185
0 0.273438 0.456019 0.012500 0.062037
0 0.263542 0.462037 0.011458 0.075926
0 0.281250 0.450926 0.009375 0.048148
0 0.308854 0.450000 0.010417 0.050000
0 0.299479 0.451852 0.009375 0.053704
0 0.315625 0.446759 0.010417 0.049074
0 0.309896 0.445370 0.010417 0.050000
0 0.290885 0.449537 0.009896 0.052778
0 0.535677 0.454167 0.014063 0.069444
0 0.586719 0.462037 0.018229 0.092593
