0 0.938542 0.652778 0.115625 0.564815
0 0.590625 0.469444 0.018750 0.144444
0 0.573958 0.472685 0.021875 0.115741
0 0.517188 0.454630 0.017708 0.085185
0 0.531510 0.464815 0.020313 0.100000
0 0.496094 0.457407 0.018229 0.090741
0 0.877083 0.686574 0.129167 0.625000
0 0.211458 0.481019 0.025000 0.104630
0 0.229427 0.472685 0.016146 0.097222
0 0.228385 0.473148 0.015104 0.100000
0 0.227865 0.480093 0.022396 0.093519
0 0.229948 0.461574 0.018229 0.076852
0 0.541406 0.515741 0.045312 0.268519
0 0.613021 0.514815 0.045833 0.224074
0 0.596615 0.540741 0.057813 0.259259
0 0.490885 0.516204 0.051562 0.232407
0 0.347135 0.471296 0.019271 0.101852
0 0.635938 0.457870 0.021875 0.100926
0 0.622135 0.459259 0.019271 0.096296
0 0.353385 0.465741 0.021354 0.090741
0 0.382812 0.460648 0.018750 0.091667
0 0.312240 0.460648 0.018229 0.075000
0 0.292708 0.462037 0.013542 0.074074
0 0.241406 0.461111 0.011979 0.066667
0 0.272656 0.449537 0.011979 0.052778
0 0.288542 0.458333 0.011458 0.064815
0 0.309375 0.432407 0.009375 0.042593
0 0.311719 0.443981 0.009896 0.045370
0 0.297917 0.425000 0.006250 0.029630
0 0.302865 0.421296 0.006771 0.029630
0 0.402083 0.444444 0.013542 0.053704
0 0.554167 0.460185 0.016667 0.081481
