0 0.810156 0.644907 0.084896 0.537963
0 0.589583 0.472222 0.018750 0.144444
0 0.584635 0.485185 0.027604 0.129630
0 0.501563 0.449537 0.015625 0.071296
0 0.536458 0.462037 0.019792 0.100000
0 0.513802 0.459259 0.018229 0.090741
0 0.883854 0.672685 0.157292 0.652778
0 0.747396 0.685648 0.116667 0.595370
0 0.211979 0.481019 0.026042 0.104630
0 0.229948 0.472222 0.017188 0.100000
0 0.227865 0.473148 0.015104 0.100000
0 0.227344 0.480093 0.022396 0.093519
0 0.228125 0.462500 0.017708 0.076852
0 0.480729 0.516204 0.048958 0.276852
0 0.563021 0.516667 0.044792 0.224074
0 0.508854 0.541667 0.075000 0.261111
0 0.407031 0.526389 0.060937 0.249074
0 0.965104 0.602315 0.068750 0.480556
0 0.372135 0.472685 0.021354 0.119444
0 0.622396 0.454630 0.017708 0.077778
0 0.592187 0.462500 0.020833 0.086111
0 0.577604 0.458333 0.017708 0.090741
0 0.341146 0.463889 0.016667 0.083333
0 0.384115 0.457870 0.014063 0.082407
0 0.305729 0.459722 0.016667 0.073148
0 0.288281 0.461111 0.014063 0.068519
0 0.244531 0.459722 0.013021 0.067593
0 0.284635 0.457407 0.009896 0.061111
0 0.307812 0.438889 0.009375 0.044444
0 0.311719 0.443981 0.009896 0.045370
0 0.296094 0.429630 0.006771 0.029630
0 0.302344 0.426852 0.006771 0.029630
0 0.562500 0.462037 0.017708 0.088889
