0 0.735677 0.637500 0.053646 0.223148
0 0.227604 0.438426 0.043750 0.215741
0 0.074740 0.623611 0.043229 0.230556
0 0.916406 0.519907 0.039062 0.193519
0 0.646094 0.953704 0.040104 0.090741
0 0.354167 0.820833 0.052083 0.232407
0 0.429688 0.218519 0.031250 0.161111
0 0.981771 0.337500 0.035417 0.176852
0 0.788542 0.132407 0.027083 0.135185
0 0.826823 0.286574 0.026562 0.160185
0 0.789323 0.292130 0.030729 0.180556
0 0.482292 0.265278 0.033333 0.160185
0 0.543229 0.237037 0.039583 0.164815
0 0.103906 0.425463 0.034896 0.176852
0 0.106250 0.402778 0.033333 0.192593
0 0.462500 0.224537 0.030208 0.167593
0 0.484115 0.230556 0.026562 0.151852
0 0.552083 0.018056 0.023958 0.036111
0 0.532031 0.018981 0.022396 0.037963
0 0.729688 0.279167 0.021875 0.154630
0 0.705729 0.243056 0.027083 0.154630
0 0.380469 0.073148 0.027604 0.146296
0 0.295573 0.041204 0.018229 0.082407
0 0.018490 0.838889 0.034896 0.222222
0 0.269792 0.240278 0.028125 0.163889
0 0.278646 0.250926 0.047917 0.179630
0 0.244271 0.114352 0.027083 0.149074
0 0.220573 0.124537 0.026562 0.149074
0 0.292708 0.136574 0.022917 0.154630
0 0.267448 0.112963 0.027604 0.148148
0 0.199219 0.179167 0.027604 0.163889
0 0.231250 0.159722 0.027083 0.141667
0 0.160938 0.192593 0.027083 0.157407
0 0.191406 0.162500 0.022396 0.156481
0 0.123698 0.194444 0.025521 0.151852
0 0.144792 0.169444 0.023958 0.170370
0 0.149479 0.156944 0.030208 0.156481
0 0.152083 0.142593 0.028125 0.153704
0 0.118229 0.174074 0.020833 0.159259
0 0.486719 0.003704 0.020313 0.007407
0 0.222917 0.947685 0.051042 0.102778
