0 0.593229 0.464352 0.021875 0.134259
0 0.563802 0.468519 0.022396 0.112963
0 0.533073 0.460185 0.020313 0.100000
0 0.523438 0.463426 0.020833 0.091667
0 0.493490 0.455556 0.022396 0.105556
0 0.210938 0.481019 0.023958 0.104630
0 0.230990 0.472222 0.015104 0.096296
0 0.228906 0.473611 0.015104 0.100926
0 0.227604 0.481481 0.019792 0.092593
0 0.232031 0.461574 0.018229 0.076852
0 0.601562 0.516204 0.047917 0.260185
0 0.647917 0.517593 0.051042 0.225926
0 0.680990 0.534259 0.053646 0.255556
0 0.563802 0.511111 0.053646 0.218519
0 0.336458 0.467593 0.017708 0.090741
0 0.356510 0.470370 0.020313 0.096296
0 0.387760 0.465741 0.021354 0.101852
0 0.313021 0.462963 0.017708 0.079630
0 0.297135 0.465278 0.015104 0.078704
0 0.290365 0.460185 0.013021 0.068519
0 0.311198 0.426852 0.009896 0.040741
0 0.310417 0.432870 0.009375 0.039815
0 0.298438 0.421296 0.006250 0.027778
0 0.303906 0.415741 0.006771 0.029630
0 0.419792 0.443981 0.013542 0.047222
0 0.530729 0.449537 0.012500 0.063889
0 0.519531 0.457870 0.010937 0.039815
0 0.398698 0.460185 0.017188 0.088889
