0 0.385156 0.554630 0.052604 0.301852
0 0.557813 0.498148 0.019792 0.101852
0 0.575781 0.500463 0.018229 0.104630
0 0.644271 0.458796 0.019792 0.091667
0 0.532292 0.457870 0.018750 0.091667
0 0.578906 0.455556 0.020313 0.100000
0 0.506510 0.456019 0.020313 0.104630
0 0.335938 0.594444 0.073958 0.383333
0 0.442969 0.536574 0.045312 0.245370
0 0.329427 0.570833 0.057813 0.313889
0 0.262760 0.481019 0.019271 0.097222
0 0.268229 0.470370 0.017708 0.096296
0 0.228646 0.479630 0.031250 0.096296
0 0.245573 0.460648 0.017188 0.076852
0 0.320573 0.484722 0.023438 0.126852
0 0.460156 0.512500 0.042188 0.217593
0 0.587500 0.459722 0.017708 0.080556
0 0.427865 0.470370 0.024479 0.116667
0 0.305729 0.449074 0.010417 0.055556
0 0.319531 0.457870 0.013021 0.063889
0 0.297396 0.454630 0.012500 0.068519
0 0.318750 0.454630 0.011458 0.064815
0 0.282292 0.454167 0.015625 0.063889
0 0.309896 0.410648 0.010417 0.039815
0 0.315104 0.411111 0.009375 0.038889
0 0.513281 0.450463 0.011979 0.065741
0 0.501823 0.459722 0.010937 0.039815
0 0.423177 0.456481 0.016146 0.079630
0 0.290625 0.445833 0.011458 0.050926
