0 0.844792 0.654630 0.048958 0.214815
0 0.259375 0.040278 0.031250 0.080556
0 0.263281 0.609259 0.045312 0.222222
0 0.915885 0.518981 0.050521 0.193519
0 0.493229 0.929167 0.038542 0.139815
0 0.351042 0.816667 0.036458 0.231481
0 0.433594 0.213889 0.032813 0.157407
0 0.506771 0.018056 0.025000 0.036111
0 0.480729 0.017130 0.027083 0.034259
0 0.335677 0.125926 0.020313 0.129630
0 0.154167 0.303241 0.030208 0.169444
0 0.126562 0.298148 0.028125 0.187037
0 0.609635 0.946759 0.052604 0.104630
0 0.636198 0.953241 0.041146 0.091667
0 0.403125 0.147685 0.021875 0.141667
0 0.403385 0.122222 0.026562 0.157407
0 0.297917 0.040741 0.022917 0.081481
0 0.266406 0.129167 0.023438 0.143519
0 0.192188 0.985648 0.052083 0.026852
0 0.300260 0.185648 0.031771 0.160185
0 0.161198 0.068056 0.026562 0.136111
0 0.200260 0.183333 0.025521 0.159259
0 0.163021 0.193056 0.025000 0.156481
0 0.197135 0.163889 0.025521 0.159259
0 0.132292 0.198611 0.023958 0.147222
0 0.122656 0.181019 0.026562 0.167593
0 0.151302 0.166204 0.028646 0.162037
0 0.157031 0.143519 0.027604 0.151852
0 0.118229 0.174074 0.020833 0.159259
0 0.471354 0.037500 0.026042 0.075000
0 0.192708 0.393519 0.034375 0.190741
0 0.258854 0.080093 0.031250 0.154630
0 0.788021 0.931944 0.044792 0.134259
0 0.743750 0.942130 0.041667 0.113889
0 0.859375 0.254630 0.033333 0.168519
0 0.800000 0.245370 0.028125 0.162963
0 0.786458 0.071296 0.030208 0.131481
0 0.823698 0.035648 0.027604 0.071296
0 0.784896 0.031481 0.026042 0.062963
0 0.255990 0.175000 0.023438 0.161111
0 0.234115 0.180556 0.027604 0.140741
0 0.182552 0.050000 0.024479 0.100000
0 0.229427 0.069907 0.029687 0.139815
0 0.197917 0.064815 0.026042 0.129630
0 0.234635 0.056944 0.023438 0.113889
0 0.846354 0.013426 0.015625 0.026852
0 0.634115 0.057407 0.031771 0.114815
