0 0.620833 0.613426 0.086458 0.458333
0 0.574219 0.486111 0.022396 0.122222
0 0.575521 0.499537 0.022917 0.102778
0 0.494271 0.448611 0.013542 0.065741
0 0.582031 0.455093 0.020313 0.102778
0 0.526302 0.459259 0.018229 0.096296
0 0.611979 0.654630 0.104167 0.559259
0 0.545573 0.629167 0.067187 0.476852
0 0.210938 0.481481 0.027083 0.103704
0 0.248438 0.471759 0.018750 0.100926
0 0.227083 0.472222 0.015625 0.100000
0 0.225781 0.481019 0.022396 0.095370
0 0.223958 0.464352 0.016667 0.076852
0 0.372917 0.534722 0.080208 0.310185
0 0.296875 0.541667 0.078125 0.272222
0 0.236979 0.562500 0.052083 0.300926
0 0.145833 0.565278 0.086458 0.323148
0 0.603646 0.529630 0.050000 0.251852
0 0.475260 0.487037 0.030729 0.162963
0 0.654948 0.457407 0.018229 0.088889
0 0.512240 0.456481 0.014063 0.072222
0 0.500521 0.452315 0.013542 0.071296
0 0.331250 0.456944 0.014583 0.069444
0 0.379427 0.450926 0.013021 0.064815
0 0.286719 0.453704 0.013021 0.064815
0 0.275521 0.456019 0.012500 0.062037
0 0.261198 0.462037 0.013021 0.075926
0 0.280990 0.450463 0.009896 0.049074
0 0.309115 0.448611 0.009896 0.047222
0 0.300260 0.449537 0.008854 0.050926
0 0.315104 0.446759 0.009375 0.049074
0 0.310677 0.444444 0.009896 0.048148
0 0.290625 0.448148 0.009375 0.051852
0 0.536198 0.453241 0.013021 0.067593
0 0.586719 0.462037 0.018229 0.092593
