0 0.806250 0.642593 0.085417 0.535185
0 0.589323 0.472222 0.019271 0.144444
0 0.584896 0.485185 0.028125 0.129630
0 0.501042 0.449537 0.015625 0.071296
0 0.536979 0.462037 0.019792 0.100000
0 0.514323 0.459259 0.018229 0.090741
0 0.882552 0.672685 0.156771 0.652778
0 0.744010 0.683333 0.110937 0.590741
0 0.211979 0.481019 0.026042 0.104630
0 0.229948 0.472222 0.017188 0.100000
0 0.227865 0.473148 0.015104 0.100000
0 0.227344 0.480093 0.022396 0.093519
0 0.228125 0.462500 0.017708 0.076852
0 0.479427 0.516204 0.048438 0.276852
0 0.560156 0.515278 0.041146 0.225000
0 0.508073 0.542130 0.075521 0.262037
0 0.404427 0.525463 0.057813 0.249074
0 0.962760 0.601852 0.073438 0.477778
0 0.372917 0.472685 0.021875 0.119444
0 0.622396 0.454630 0.017708 0.077778
0 0.591406 0.462037 0.020313 0.087037
0 0.576562 0.458333 0.017708 0.090741
0 0.341146 0.464352 0.016667 0.082407
0 0.384635 0.457870 0.014063 0.082407
0 0.305729 0.459722 0.016667 0.073148
0 0.288281 0.461111 0.014063 0.068519
0 0.244531 0.460185 0.013021 0.068519
0 0.284635 0.457407 0.009896 0.061111
0 0.307812 0.439352 0.009375 0.043519
0 0.311719 0.443981 0.009896 0.045370
0 0.296094 0.429630 0.006771 0.029630
0 0.302344 0.426852 0.006771 0.029630
0 0.563021 0.462037 0.017708 0.088889
