0 0.844792 0.654167 0.048958 0.215741
0 0.263542 0.055093 0.031250 0.110185
0 0.339844 0.620833 0.045312 0.230556
0 0.913802 0.518981 0.047396 0.193519
0 0.533594 0.936111 0.039062 0.125926
0 0.351042 0.816667 0.036458 0.231481
0 0.433333 0.213426 0.033333 0.156481
0 0.516927 0.029630 0.025521 0.059259
0 0.489583 0.029167 0.027083 0.058333
0 0.333594 0.126852 0.020313 0.131481
0 0.140365 0.326852 0.031771 0.170370
0 0.103906 0.317593 0.029687 0.187037
0 0.596875 0.907870 0.064583 0.182407
0 0.634635 0.912963 0.049479 0.172222
0 0.403385 0.145370 0.021354 0.140741
0 0.424219 0.125926 0.028646 0.153704
0 0.297396 0.041204 0.021875 0.082407
0 0.266927 0.161111 0.023438 0.144444
0 0.154167 0.964352 0.043750 0.069444
0 0.190885 0.932870 0.052604 0.132407
0 0.304688 0.185185 0.026042 0.161111
0 0.164062 0.081481 0.028125 0.146296
0 0.200521 0.183333 0.026042 0.159259
0 0.163021 0.193056 0.025000 0.156481
0 0.196615 0.165278 0.025521 0.160185
0 0.128385 0.199074 0.027604 0.148148
0 0.117448 0.179167 0.026562 0.167593
0 0.158333 0.167130 0.029167 0.156481
0 0.158073 0.142593 0.027604 0.151852
0 0.118229 0.174074 0.020833 0.159259
0 0.466667 0.042130 0.026042 0.084259
0 0.205990 0.346296 0.033854 0.181481
0 0.265885 0.119444 0.031771 0.161111
0 0.873698 0.295833 0.034896 0.178704
0 0.822656 0.279167 0.026562 0.167593
0 0.786458 0.070370 0.030208 0.131481
0 0.990625 0.352315 0.017708 0.163889
0 0.855469 0.050463 0.027604 0.100926
0 0.809635 0.046296 0.026562 0.092593
0 0.239063 0.146296 0.025000 0.157407
0 0.217969 0.156481 0.025521 0.140741
0 0.196354 0.039352 0.025000 0.078704
0 0.234635 0.051389 0.030729 0.102778
0 0.201302 0.048148 0.026562 0.096296
0 0.245573 0.042593 0.023438 0.085185
