0 0.846615 0.655556 0.052604 0.216667
0 0.359115 0.640278 0.038021 0.225000
0 0.916146 0.518981 0.039583 0.195370
0 0.500521 0.931481 0.041667 0.135185
0 0.351042 0.816667 0.036458 0.231481
0 0.431510 0.208333 0.036979 0.157407
0 0.337240 0.125463 0.020313 0.128704
0 0.196094 0.235185 0.027604 0.153704
0 0.194531 0.242130 0.033854 0.176852
0 0.405469 0.141667 0.028646 0.146296
0 0.397656 0.112037 0.027604 0.153704
0 0.302083 0.038889 0.028125 0.077778
0 0.299479 0.187037 0.025000 0.155556
0 0.174740 0.059722 0.023438 0.119444
0 0.203646 0.180556 0.029167 0.157407
0 0.164062 0.193981 0.026042 0.154630
0 0.198437 0.157870 0.023958 0.158333
0 0.133333 0.204167 0.028125 0.152778
0 0.123438 0.178704 0.027083 0.170370
0 0.153125 0.162037 0.031250 0.157407
0 0.191146 0.143519 0.026042 0.150000
0 0.119271 0.164815 0.020833 0.159259
0 0.467187 0.024074 0.026042 0.048148
0 0.196875 0.875463 0.046875 0.247222
0 0.500260 0.397685 0.033854 0.197222
0 0.457031 0.406019 0.032813 0.193519
0 0.651042 0.775000 0.045833 0.250000
0 0.930990 0.742130 0.049479 0.228704
0 0.962500 0.697685 0.037500 0.226852
0 0.772396 0.045833 0.032292 0.091667
0 0.738542 0.045370 0.022917 0.090741
0 0.942708 0.235185 0.035417 0.166667
0 0.876042 0.198611 0.029167 0.156481
0 0.783073 0.219444 0.033854 0.150000
0 0.621615 0.175926 0.031771 0.153704
0 0.448177 0.030556 0.024479 0.061111
0 0.416146 0.028241 0.023958 0.056481
0 0.392188 0.037963 0.027083 0.075926
0 0.266667 0.128241 0.027083 0.141667
0 0.220312 0.491204 0.033333 0.197222
0 0.181510 0.492593 0.043229 0.181481
0 0.246354 0.143056 0.028125 0.162037
0 0.240104 0.074537 0.030208 0.145370
0 0.212240 0.059259 0.027604 0.118519
0 0.123438 0.059722 0.021875 0.119444
0 0.232552 0.325463 0.035937 0.176852
0 0.186458 0.326389 0.033333 0.176852
0 0.272656 0.310185 0.033854 0.168519
0 0.380469 0.027315 0.021354 0.054630
