0 0.444271 0.569907 0.056250 0.339815
0 0.557292 0.498611 0.019792 0.100926
0 0.575781 0.500463 0.019271 0.104630
0 0.607292 0.461574 0.019792 0.091667
0 0.527604 0.457870 0.018750 0.091667
0 0.582031 0.455093 0.020313 0.100926
0 0.515625 0.461574 0.018750 0.104630
0 0.370312 0.631944 0.085417 0.480556
0 0.515104 0.556481 0.052083 0.290741
0 0.384896 0.579630 0.066667 0.346296
0 0.249479 0.481944 0.018750 0.100926
0 0.273698 0.471296 0.017188 0.098148
0 0.261458 0.472685 0.015625 0.095370
0 0.224479 0.481944 0.025000 0.097222
0 0.251302 0.462500 0.016146 0.076852
0 0.310156 0.495370 0.029687 0.150000
0 0.545052 0.524537 0.041146 0.249074
0 0.616927 0.460648 0.021354 0.086111
0 0.511458 0.468981 0.018750 0.119444
0 0.309896 0.448611 0.010417 0.056481
0 0.316927 0.456019 0.013021 0.060185
0 0.302083 0.457870 0.010417 0.060185
0 0.291406 0.452315 0.013021 0.065741
0 0.313281 0.452315 0.011979 0.060185
0 0.276302 0.454167 0.015104 0.060185
0 0.507031 0.455093 0.017188 0.091667
0 0.309896 0.411574 0.010417 0.039815
0 0.315625 0.411111 0.009375 0.038889
0 0.497135 0.455093 0.010937 0.065741
0 0.286458 0.445370 0.011458 0.050000
