0 0.613021 0.382870 0.032292 0.141667
0 0.447396 0.367130 0.029167 0.141667
0 0.338802 0.409722 0.066146 0.304630
0 0.950260 0.629167 0.098437 0.717593
0 0.201042 0.390741 0.064583 0.264815
0 0.483854 0.369444 0.023958 0.127778
0 0.520573 0.347685 0.013021 0.054630
0 0.564323 0.370370 0.028646 0.155556
0 0.293490 0.356944 0.021354 0.100926
0 0.571094 0.368519 0.025521 0.140741
0 0.655469 0.366204 0.019271 0.110185
0 0.291667 0.360185 0.019792 0.120370
0 0.272396 0.360648 0.022917 0.119444
0 0.296094 0.363889 0.022396 0.129630
0 0.007812 0.364352 0.015625 0.145370
0 0.498177 0.341204 0.009896 0.034259
0 0.382552 0.343519 0.010937 0.059259
0 0.360156 0.337963 0.013021 0.066667
0 0.336198 0.337500 0.011979 0.060185
0 0.348438 0.335185 0.012500 0.057407
