0 0.735156 0.637500 0.053646 0.223148
0 0.236198 0.406944 0.042188 0.212037
0 0.074740 0.623148 0.043229 0.229630
0 0.916406 0.519907 0.039062 0.193519
0 0.635417 0.943981 0.043750 0.110185
0 0.354167 0.820833 0.052083 0.232407
0 0.429688 0.218519 0.031250 0.161111
0 0.994531 0.380093 0.009896 0.176852
0 0.788802 0.131944 0.027604 0.136111
0 0.790625 0.270370 0.026042 0.161111
0 0.760677 0.274074 0.035937 0.174074
0 0.415885 0.255556 0.028646 0.162963
0 0.527604 0.260648 0.036458 0.169444
0 0.079427 0.415741 0.023438 0.177778
0 0.084375 0.393519 0.033333 0.187037
0 0.451042 0.248148 0.027083 0.172222
0 0.472656 0.254630 0.027604 0.153704
0 0.551562 0.006481 0.023958 0.012963
0 0.701562 0.263426 0.020833 0.150926
0 0.662240 0.229630 0.040104 0.150000
0 0.380469 0.073148 0.027604 0.146296
0 0.296094 0.041204 0.020313 0.082407
0 0.023438 0.779630 0.034375 0.214815
0 0.283854 0.264352 0.028125 0.163889
0 0.275781 0.277778 0.041146 0.181481
0 0.239844 0.093056 0.026562 0.149074
0 0.212240 0.100000 0.027604 0.150000
0 0.292708 0.136574 0.023958 0.154630
0 0.266927 0.112963 0.028646 0.148148
0 0.199479 0.178704 0.028125 0.162963
0 0.263021 0.185185 0.030208 0.142593
0 0.165104 0.192593 0.027083 0.157407
0 0.187500 0.160185 0.023958 0.162963
0 0.122656 0.196296 0.025521 0.151852
0 0.146615 0.169907 0.025521 0.171296
0 0.151823 0.150926 0.029687 0.155556
0 0.152604 0.142593 0.028125 0.153704
0 0.117708 0.174074 0.020833 0.159259
0 0.487500 0.004167 0.020833 0.008333
0 0.188021 0.018981 0.025000 0.037963
0 0.227604 0.909259 0.050000 0.179630
