0 0.502604 0.414815 0.036458 0.155556
0 0.450000 0.388889 0.027083 0.129630
0 0.424740 0.396296 0.025521 0.129630
0 0.783333 0.616667 0.114583 0.625926
0 0.920833 0.611111 0.143750 0.644444
0 0.315365 0.406481 0.033854 0.155556
0 0.452604 0.386111 0.021875 0.116667
0 0.487500 0.386574 0.021875 0.108333
0 0.183333 0.393519 0.026042 0.118519
0 0.633333 0.425926 0.043750 0.237037
0 0.492188 0.385185 0.016667 0.096296
0 0.534896 0.385648 0.017708 0.106481
0 0.246875 0.384259 0.022917 0.118519
0 0.234375 0.388889 0.015625 0.096296
0 0.497396 0.384722 0.020833 0.086111
0 0.484375 0.386574 0.021875 0.095370
0 0.299740 0.393981 0.017188 0.100926
0 0.446354 0.371759 0.013542 0.063889
0 0.071615 0.366204 0.013021 0.065741
0 0.092708 0.391667 0.020833 0.105556
0 0.100000 0.370833 0.014583 0.063889
0 0.339583 0.369444 0.012500 0.053704
0 0.313802 0.368519 0.011979 0.048148
