0 0.596615 0.616667 0.095312 0.444444
0 0.557813 0.497685 0.020833 0.097222
0 0.575781 0.500000 0.021354 0.103704
0 0.508073 0.450926 0.014063 0.070370
0 0.582552 0.455093 0.020313 0.100926
0 0.524740 0.465741 0.018229 0.103704
0 0.597396 0.652315 0.101042 0.563889
0 0.968490 0.631944 0.061979 0.478704
0 0.504167 0.632870 0.075000 0.486111
0 0.209635 0.480556 0.022396 0.101852
0 0.267188 0.471296 0.023958 0.100000
0 0.233333 0.472222 0.015625 0.100000
0 0.225000 0.481481 0.023958 0.094444
0 0.220312 0.465278 0.015625 0.076852
0 0.084635 0.582407 0.144271 0.414815
0 0.447135 0.508796 0.039062 0.200926
0 0.928646 0.577315 0.090625 0.412037
0 0.668490 0.514815 0.052604 0.238889
0 0.758594 0.457407 0.023438 0.101852
0 0.637240 0.461574 0.024479 0.097222
0 0.460938 0.449074 0.011458 0.064815
0 0.436458 0.447222 0.013542 0.070370
0 0.334896 0.454167 0.011458 0.058333
0 0.359115 0.450000 0.011979 0.055556
0 0.271094 0.464352 0.016146 0.073148
0 0.307552 0.452778 0.010937 0.053704
0 0.295833 0.452778 0.009375 0.053704
0 0.296094 0.449074 0.009896 0.055556
0 0.316667 0.449074 0.011458 0.050000
0 0.307552 0.447685 0.010937 0.054630
0 0.286198 0.451389 0.010937 0.056481
0 0.534635 0.456481 0.015104 0.072222
0 0.593229 0.461574 0.019792 0.091667
