0 0.693490 0.637500 0.093229 0.495370
0 0.590365 0.475463 0.023438 0.145370
0 0.575521 0.499074 0.022917 0.103704
0 0.486719 0.444907 0.013021 0.058333
0 0.233854 0.670833 0.200000 0.656481
0 0.560417 0.456944 0.019792 0.100926
0 0.527344 0.458796 0.018229 0.091667
0 0.689063 0.686111 0.151042 0.622222
0 0.617708 0.645833 0.080208 0.510185
0 0.210677 0.481481 0.026562 0.105556
0 0.231510 0.473148 0.018229 0.101852
0 0.227344 0.473148 0.015104 0.100000
0 0.226823 0.480556 0.022396 0.094444
0 0.226042 0.463426 0.016667 0.076852
0 0.453646 0.516667 0.042708 0.279630
0 0.451562 0.522222 0.058333 0.240741
0 0.382292 0.543981 0.063542 0.271296
0 0.316667 0.531944 0.066667 0.258333
0 0.773698 0.564352 0.085938 0.336111
0 0.418229 0.475463 0.027083 0.132407
0 0.634375 0.456481 0.017708 0.081481
0 0.545312 0.457870 0.015625 0.076852
0 0.535156 0.454167 0.014063 0.075000
0 0.332292 0.461111 0.017708 0.077778
0 0.385937 0.455093 0.014583 0.073148
0 0.298698 0.454167 0.015104 0.069444
0 0.280208 0.457870 0.012500 0.063889
0 0.250781 0.462037 0.014063 0.070370
0 0.281771 0.452778 0.009375 0.055556
0 0.310937 0.448611 0.009375 0.045370
0 0.311979 0.443056 0.009375 0.045370
0 0.311719 0.443981 0.009896 0.045370
0 0.537760 0.453704 0.014063 0.072222
0 0.586719 0.462037 0.018229 0.092593
