0 0.480990 0.577315 0.075521 0.354630
0 0.557292 0.499074 0.019792 0.100000
0 0.575781 0.500463 0.019271 0.104630
0 0.597396 0.462500 0.019792 0.091667
0 0.525521 0.457870 0.018750 0.091667
0 0.581771 0.455093 0.019792 0.100926
0 0.512760 0.462037 0.018229 0.105556
0 0.404427 0.648148 0.079687 0.531481
0 0.570052 0.558796 0.079687 0.293519
0 0.408333 0.596296 0.066667 0.348148
0 0.241667 0.481944 0.019792 0.100926
0 0.275781 0.472222 0.016146 0.098148
0 0.259635 0.472685 0.016146 0.095370
0 0.224740 0.481944 0.024479 0.095370
0 0.250260 0.462500 0.016146 0.076852
0 0.320833 0.498148 0.028125 0.155556
0 0.584896 0.529167 0.044792 0.263889
0 0.631250 0.460648 0.017708 0.089815
0 0.538802 0.465278 0.022396 0.106481
0 0.381510 0.451852 0.009896 0.061111
0 0.388802 0.449074 0.009896 0.064815
0 0.311198 0.448611 0.009896 0.056481
0 0.268229 0.467130 0.010417 0.075000
0 0.315885 0.455093 0.013021 0.058333
0 0.301042 0.456481 0.010417 0.057407
0 0.291146 0.452315 0.012500 0.062037
0 0.322135 0.454167 0.011979 0.052778
0 0.311458 0.451852 0.011458 0.059259
0 0.277344 0.453704 0.015104 0.059259
0 0.515365 0.457870 0.017188 0.091667
0 0.310417 0.413426 0.010417 0.039815
0 0.315625 0.411111 0.009375 0.038889
0 0.284375 0.446296 0.011458 0.050000
