0 0.622135 0.610185 0.081771 0.481481
0 0.566667 0.490741 0.021875 0.111111
0 0.575521 0.499537 0.021875 0.102778
0 0.497656 0.449537 0.014063 0.069444
0 0.583854 0.455093 0.019792 0.102778
0 0.523438 0.462963 0.018750 0.098148
0 0.615104 0.656481 0.110417 0.562963
0 0.540104 0.629167 0.067708 0.476852
0 0.209375 0.481481 0.027083 0.103704
0 0.254427 0.471296 0.019271 0.101852
0 0.228646 0.472222 0.015625 0.100000
0 0.225521 0.481019 0.022917 0.095370
0 0.222656 0.464352 0.016146 0.076852
0 0.312240 0.543981 0.069271 0.336111
0 0.194271 0.546759 0.053125 0.287963
0 0.139583 0.582870 0.111458 0.341667
0 0.048698 0.575000 0.097396 0.340741
0 0.551302 0.522222 0.049479 0.238889
0 0.514583 0.496296 0.040625 0.181481
0 0.662760 0.457407 0.021354 0.088889
0 0.501823 0.453241 0.011979 0.065741
0 0.481771 0.449074 0.013542 0.070370
0 0.333854 0.456481 0.014583 0.066667
0 0.375521 0.451852 0.012500 0.062963
0 0.281250 0.454167 0.012500 0.060185
0 0.263542 0.462500 0.011458 0.076852
0 0.281250 0.450926 0.009375 0.048148
0 0.308854 0.450463 0.010417 0.050926
0 0.298958 0.451852 0.009375 0.053704
0 0.315625 0.446759 0.010417 0.049074
0 0.309896 0.445833 0.010417 0.050926
0 0.290365 0.449537 0.009896 0.052778
0 0.535156 0.454167 0.014063 0.069444
0 0.586719 0.462037 0.018229 0.092593
