0 0.844792 0.654630 0.048958 0.214815
0 0.265104 0.048148 0.031250 0.096296
0 0.297396 0.609722 0.054167 0.221296
0 0.914583 0.518981 0.048958 0.193519
0 0.515625 0.931481 0.039583 0.135185
0 0.351042 0.816667 0.036458 0.231481
0 0.433594 0.213426 0.033854 0.156481
0 0.512240 0.023611 0.025521 0.047222
0 0.485417 0.022222 0.027083 0.044444
0 0.333854 0.126852 0.019792 0.131481
0 0.146354 0.315741 0.030208 0.170370
0 0.116406 0.307870 0.035937 0.186111
0 0.605990 0.926852 0.052604 0.144444
0 0.641406 0.933796 0.047396 0.130556
0 0.402865 0.145370 0.022396 0.140741
0 0.412240 0.124074 0.026562 0.159259
0 0.297656 0.041204 0.022396 0.082407
0 0.271094 0.146296 0.023438 0.144444
0 0.151042 0.986111 0.043750 0.025926
0 0.194792 0.958796 0.052083 0.080556
0 0.300781 0.183796 0.030729 0.163889
0 0.156250 0.072222 0.030208 0.144444
0 0.200260 0.183333 0.025521 0.159259
0 0.163021 0.193056 0.025000 0.156481
0 0.199219 0.165741 0.024479 0.159259
0 0.133333 0.198611 0.023958 0.147222
0 0.120052 0.181019 0.026562 0.167593
0 0.150521 0.166204 0.029167 0.162037
0 0.157552 0.143519 0.027604 0.151852
0 0.118229 0.174074 0.020833 0.159259
0 0.468750 0.039352 0.026042 0.078704
0 0.196615 0.369907 0.033854 0.189815
0 0.265365 0.099074 0.031771 0.161111
0 0.816667 0.956481 0.046875 0.085185
0 0.773438 0.968056 0.040625 0.062037
0 0.865625 0.274537 0.038542 0.175000
0 0.809375 0.259722 0.032292 0.165741
0 0.786458 0.071296 0.030208 0.131481
0 0.838281 0.043056 0.027604 0.086111
0 0.798177 0.039815 0.026562 0.079630
0 0.247917 0.159722 0.023958 0.160185
0 0.228906 0.168056 0.023438 0.139815
0 0.191667 0.046759 0.025000 0.093519
0 0.233854 0.058796 0.030208 0.117593
0 0.197135 0.055556 0.027604 0.111111
0 0.238802 0.046759 0.023438 0.093519
