0 0.697396 0.638426 0.093750 0.500926
0 0.589583 0.475000 0.021875 0.144444
0 0.575521 0.497685 0.022917 0.106481
0 0.486719 0.444907 0.013021 0.058333
0 0.189062 0.669907 0.206250 0.658333
0 0.558854 0.456944 0.019792 0.100926
0 0.527344 0.458796 0.018229 0.091667
0 0.700781 0.684722 0.129688 0.625000
0 0.626302 0.651389 0.081771 0.521296
0 0.210677 0.481481 0.026562 0.105556
0 0.231510 0.473148 0.018229 0.101852
0 0.227344 0.473148 0.015104 0.100000
0 0.226823 0.480556 0.022396 0.094444
0 0.226302 0.463426 0.017188 0.076852
0 0.455990 0.516667 0.045312 0.279630
0 0.456510 0.519907 0.054688 0.239815
0 0.391667 0.543056 0.051042 0.273148
0 0.319010 0.530093 0.061979 0.256481
0 0.779948 0.563426 0.079687 0.345370
0 0.415104 0.475463 0.026042 0.132407
0 0.633333 0.456481 0.017708 0.079630
0 0.547396 0.458333 0.015625 0.077778
0 0.536719 0.453704 0.014063 0.075926
0 0.332292 0.461111 0.017708 0.077778
0 0.386458 0.455093 0.014583 0.073148
0 0.299479 0.454167 0.015625 0.069444
0 0.280469 0.458333 0.013021 0.064815
0 0.250781 0.462037 0.014063 0.070370
0 0.282031 0.453241 0.008854 0.056481
0 0.310937 0.448611 0.009375 0.045370
0 0.311458 0.443056 0.009375 0.045370
0 0.311719 0.443981 0.009896 0.045370
0 0.537240 0.453704 0.014063 0.072222
0 0.586719 0.462037 0.018229 0.092593
