0 0.686458 0.631944 0.092708 0.493519
0 0.589323 0.475463 0.023438 0.143519
0 0.575521 0.499537 0.022917 0.102778
0 0.486719 0.444907 0.013021 0.058333
0 0.280729 0.676389 0.200000 0.645370
0 0.561979 0.456481 0.019792 0.101852
0 0.527344 0.458796 0.018229 0.091667
0 0.680990 0.685185 0.152604 0.620370
0 0.608333 0.641204 0.083333 0.500926
0 0.210156 0.481481 0.026562 0.105556
0 0.232031 0.473148 0.018229 0.101852
0 0.227083 0.473148 0.015625 0.100000
0 0.226823 0.480556 0.022396 0.094444
0 0.225781 0.463426 0.017188 0.076852
0 0.451302 0.517130 0.042188 0.280556
0 0.445052 0.522685 0.054688 0.241667
0 0.375260 0.544907 0.069271 0.271296
0 0.311458 0.533796 0.066667 0.262037
0 0.761719 0.558333 0.078646 0.329630
0 0.421615 0.475463 0.028646 0.132407
0 0.635417 0.456481 0.017708 0.081481
0 0.542708 0.456944 0.015625 0.075000
0 0.532813 0.453704 0.013542 0.075926
0 0.332552 0.460648 0.017188 0.076852
0 0.385677 0.454630 0.014063 0.072222
0 0.297917 0.454630 0.014583 0.068519
0 0.279948 0.457870 0.013021 0.063889
0 0.251302 0.462037 0.014063 0.070370
0 0.281771 0.452315 0.009375 0.054630
0 0.310937 0.448611 0.009375 0.045370
0 0.312500 0.443056 0.009375 0.045370
0 0.311719 0.443981 0.009896 0.045370
0 0.538021 0.453704 0.013542 0.072222
0 0.586719 0.462037 0.018229 0.092593
