0 0.844792 0.654630 0.048958 0.214815
0 0.263542 0.045833 0.031250 0.091667
0 0.286458 0.609259 0.057292 0.220370
0 0.914844 0.518981 0.049479 0.193519
0 0.508594 0.929167 0.039062 0.139815
0 0.351042 0.816667 0.036458 0.231481
0 0.433594 0.213426 0.033854 0.156481
0 0.510677 0.022222 0.025521 0.044444
0 0.483854 0.020370 0.027083 0.040741
0 0.333854 0.126852 0.019792 0.131481
0 0.148958 0.312500 0.030208 0.169444
0 0.120313 0.304167 0.032292 0.187963
0 0.607552 0.932870 0.052604 0.132407
0 0.640365 0.939352 0.044271 0.119444
0 0.402604 0.145370 0.022917 0.140741
0 0.409115 0.123148 0.026562 0.159259
0 0.297917 0.040741 0.022917 0.081481
0 0.270052 0.140278 0.023438 0.143519
0 0.195312 0.966667 0.052083 0.064815
0 0.299479 0.184259 0.032292 0.162963
0 0.155208 0.069907 0.029167 0.139815
0 0.200260 0.183333 0.025521 0.159259
0 0.163021 0.193056 0.025000 0.156481
0 0.199479 0.165278 0.025000 0.160185
0 0.134375 0.198611 0.022917 0.147222
0 0.121094 0.181019 0.026562 0.167593
0 0.149740 0.166204 0.028646 0.162037
0 0.157031 0.144444 0.027604 0.151852
0 0.118229 0.174074 0.020833 0.159259
0 0.469531 0.039352 0.025521 0.078704
0 0.194792 0.375926 0.034375 0.190741
0 0.262500 0.095370 0.031250 0.157407
0 0.808594 0.949537 0.046354 0.099074
0 0.766406 0.959722 0.040104 0.078704
0 0.864062 0.270370 0.035417 0.174074
0 0.804948 0.255556 0.031771 0.164815
0 0.786458 0.071296 0.030208 0.131481
0 0.833854 0.040741 0.027083 0.081481
0 0.794010 0.038426 0.026562 0.076852
0 0.250781 0.164815 0.023438 0.161111
0 0.230469 0.171296 0.026562 0.142593
0 0.189323 0.048611 0.024479 0.097222
0 0.233073 0.062037 0.029687 0.124074
0 0.197917 0.056481 0.029167 0.112963
0 0.237240 0.050463 0.023438 0.100926
0 0.647135 0.057407 0.024479 0.114815
