0 0.964583 0.650463 0.069792 0.563889
0 0.590625 0.469444 0.018750 0.144444
0 0.569531 0.470370 0.021354 0.114815
0 0.522396 0.456481 0.018750 0.090741
0 0.530990 0.462037 0.020313 0.094444
0 0.482812 0.461574 0.017708 0.091667
0 0.929688 0.686574 0.129167 0.625000
0 0.211198 0.481019 0.024479 0.104630
0 0.229687 0.472685 0.015625 0.097222
0 0.228385 0.473148 0.015104 0.100000
0 0.227865 0.480556 0.022396 0.092593
0 0.230469 0.461574 0.018229 0.076852
0 0.561198 0.514352 0.067187 0.265741
0 0.619792 0.513426 0.044792 0.226852
0 0.630990 0.536111 0.061979 0.253704
0 0.519531 0.512500 0.043229 0.225000
0 0.341667 0.469444 0.017708 0.100000
0 0.651563 0.460648 0.021875 0.104630
0 0.354167 0.466204 0.019792 0.093519
0 0.385156 0.462500 0.020313 0.095370
0 0.313021 0.461574 0.017708 0.076852
0 0.294792 0.462963 0.014583 0.074074
0 0.238281 0.461111 0.010937 0.066667
0 0.281510 0.448611 0.009896 0.052778
0 0.289583 0.460185 0.012500 0.068519
0 0.309896 0.430093 0.009375 0.041667
0 0.310417 0.439352 0.009375 0.041667
0 0.297396 0.423148 0.006250 0.027778
0 0.303385 0.419444 0.006771 0.029630
0 0.408594 0.443981 0.014063 0.052778
0 0.553125 0.459259 0.015625 0.083333
