0 0.672396 0.620370 0.091667 0.488889
0 0.587500 0.476389 0.022917 0.141667
0 0.575521 0.499537 0.022917 0.102778
0 0.487760 0.444907 0.013021 0.058333
0 0.393750 0.669444 0.200000 0.659259
0 0.565104 0.456481 0.019792 0.101852
0 0.527344 0.458796 0.018229 0.091667
0 0.668229 0.681481 0.134375 0.618519
0 0.591667 0.636574 0.090625 0.487963
0 0.210156 0.481481 0.026562 0.105556
0 0.232031 0.473148 0.018229 0.101852
0 0.227083 0.473148 0.015625 0.100000
0 0.226302 0.480556 0.022396 0.094444
0 0.225781 0.463426 0.017188 0.076852
0 0.445573 0.517593 0.048438 0.279630
0 0.425781 0.524074 0.052604 0.246296
0 0.361979 0.546296 0.053125 0.275926
0 0.297396 0.537037 0.060417 0.268519
0 0.736458 0.547685 0.058333 0.317593
0 0.426823 0.476389 0.027604 0.136111
0 0.637240 0.456944 0.018229 0.082407
0 0.538802 0.456944 0.016146 0.075000
0 0.528385 0.453704 0.014063 0.074074
0 0.332031 0.461574 0.016146 0.075000
0 0.385156 0.454167 0.014063 0.071296
0 0.296094 0.454630 0.014063 0.068519
0 0.279427 0.457870 0.013021 0.063889
0 0.252865 0.462037 0.014063 0.070370
0 0.281771 0.451852 0.009375 0.053704
0 0.310937 0.447685 0.009375 0.045370
0 0.313281 0.443056 0.008854 0.045370
0 0.311719 0.443981 0.009896 0.045370
0 0.538542 0.453704 0.013542 0.072222
0 0.586719 0.462037 0.018229 0.092593
