0 0.808854 0.672685 0.044792 0.226852
0 0.253646 0.201389 0.037500 0.186111
0 0.200260 0.654630 0.060937 0.229630
0 0.915625 0.519907 0.040625 0.193519
0 0.503385 0.920370 0.038021 0.157407
0 0.351042 0.816667 0.036458 0.231481
0 0.429427 0.218519 0.030729 0.161111
0 0.772396 0.065741 0.028125 0.129630
0 0.560156 0.144444 0.026562 0.146296
0 0.532813 0.155093 0.031250 0.167593
0 0.278646 0.169907 0.019792 0.154630
0 0.500000 0.119907 0.031250 0.160185
0 0.069531 0.410648 0.025521 0.173148
0 0.052865 0.392130 0.040104 0.186111
0 0.449740 0.499537 0.038021 0.199074
0 0.483333 0.499537 0.035417 0.186111
0 0.428125 0.164352 0.022917 0.141667
0 0.391406 0.169907 0.024479 0.154630
0 0.381250 0.075463 0.026042 0.141667
0 0.297135 0.042130 0.021354 0.084259
0 0.138542 0.431019 0.029167 0.178704
0 0.286719 0.538426 0.033854 0.199074
0 0.243750 0.529630 0.037500 0.216667
0 0.294010 0.136111 0.023438 0.153704
0 0.177604 0.122685 0.027083 0.149074
0 0.201823 0.181481 0.029687 0.164815
0 0.485677 0.435648 0.032813 0.169444
0 0.159896 0.200926 0.027083 0.157407
0 0.194271 0.165741 0.027083 0.161111
0 0.124479 0.200463 0.028125 0.152778
0 0.130208 0.181481 0.023958 0.170370
0 0.155729 0.164815 0.029167 0.140741
0 0.151562 0.142593 0.028125 0.153704
0 0.117188 0.174074 0.020833 0.159259
0 0.458594 0.037963 0.020313 0.075926
0 0.232552 0.120370 0.027604 0.155556
0 0.229948 0.460185 0.042188 0.201852
0 0.973958 0.583333 0.035417 0.198148
0 0.870833 0.017593 0.027083 0.035185
0 0.906771 0.121759 0.029167 0.141667
0 0.835156 0.050926 0.031771 0.101852
0 0.210156 0.915278 0.051562 0.167593
0 0.226042 0.878704 0.044792 0.240741
0 0.228125 0.028241 0.021875 0.056481
0 0.203646 0.028241 0.022917 0.056481
0 0.718750 0.015741 0.028125 0.031481
0 0.651042 0.076852 0.035417 0.085185
