0 0.846094 0.654630 0.051562 0.214815
0 0.360677 0.647685 0.046354 0.230556
0 0.916406 0.516667 0.038021 0.196296
0 0.471615 0.932870 0.040104 0.132407
0 0.351042 0.816667 0.036458 0.231481
0 0.428385 0.206481 0.033854 0.161111
0 0.336979 0.125463 0.020833 0.128704
0 0.193490 0.242593 0.025521 0.155556
0 0.165885 0.242593 0.034896 0.175926
0 0.405729 0.141204 0.029167 0.147222
0 0.399479 0.116204 0.029167 0.156481
0 0.300781 0.039352 0.026562 0.078704
0 0.242188 0.034722 0.022917 0.069444
0 0.305729 0.188426 0.030208 0.158333
0 0.174740 0.059259 0.023438 0.118519
0 0.200000 0.178704 0.025000 0.159259
0 0.163021 0.192593 0.026042 0.155556
0 0.189844 0.165741 0.024479 0.161111
0 0.135677 0.200000 0.025521 0.151852
0 0.122656 0.181481 0.025521 0.166667
0 0.149479 0.168056 0.028125 0.160185
0 0.176042 0.150000 0.026042 0.150000
0 0.118750 0.172222 0.020833 0.159259
0 0.467187 0.024074 0.026042 0.048148
0 0.163281 0.625000 0.039062 0.222222
0 0.567187 0.627315 0.044792 0.228704
0 0.526042 0.645833 0.036458 0.221296
0 0.815885 0.116204 0.032813 0.152778
0 0.755729 0.113426 0.025000 0.145370
0 0.863021 0.071296 0.025000 0.142593
0 0.813021 0.056019 0.028125 0.112037
0 0.782292 0.110185 0.031250 0.140741
0 0.566406 0.037500 0.029687 0.075000
0 0.391146 0.026852 0.021875 0.053704
0 0.271875 0.040741 0.018750 0.081481
0 0.241927 0.323148 0.027604 0.177778
0 0.214062 0.324074 0.037500 0.164815
0 0.150781 0.135648 0.023438 0.160185
0 0.145833 0.056019 0.027083 0.112037
0 0.261979 0.187500 0.029167 0.163889
0 0.235417 0.186111 0.028125 0.159259
0 0.264062 0.166667 0.027083 0.157407
0 0.410156 0.030556 0.023438 0.061111
