0 0.852865 0.570370 0.101562 0.394444
0 0.333333 0.535648 0.046875 0.249074
0 0.908594 0.564352 0.101562 0.352778
0 0.558854 0.498148 0.018750 0.101852
0 0.576042 0.500926 0.016667 0.105556
0 0.663802 0.460185 0.017188 0.092593
0 0.538021 0.461111 0.020833 0.107407
0 0.582292 0.457407 0.019792 0.100000
0 0.495573 0.455556 0.022396 0.105556
0 0.273177 0.544907 0.060937 0.267593
0 0.356771 0.517130 0.035417 0.180556
0 0.760417 0.457407 0.035417 0.120370
0 0.819010 0.459722 0.023438 0.112037
0 0.281510 0.541204 0.046354 0.230556
0 0.294010 0.471759 0.018229 0.086111
0 0.228385 0.463889 0.020313 0.077778
0 0.311719 0.484259 0.018229 0.125926
0 0.529167 0.456019 0.016667 0.071296
0 0.342708 0.481481 0.019792 0.120370
0 0.306250 0.415278 0.010417 0.039815
0 0.314583 0.412963 0.009375 0.038889
0 0.540625 0.446759 0.012500 0.063889
0 0.370312 0.456944 0.017708 0.080556
