0 0.472917 0.576852 0.080208 0.351852
0 0.557292 0.498611 0.019792 0.100926
0 0.575781 0.500463 0.019271 0.104630
0 0.599479 0.462500 0.019792 0.091667
0 0.526042 0.457870 0.018750 0.091667
0 0.581771 0.455093 0.019792 0.100926
0 0.512240 0.462037 0.018229 0.105556
0 0.396354 0.644907 0.084375 0.513889
0 0.548698 0.556019 0.054688 0.291667
0 0.402604 0.597222 0.066667 0.348148
0 0.244531 0.481481 0.019271 0.100000
0 0.274740 0.471296 0.016146 0.098148
0 0.260156 0.472685 0.016146 0.095370
0 0.224219 0.481481 0.025521 0.096296
0 0.250260 0.462500 0.016146 0.076852
0 0.317969 0.496759 0.031771 0.154630
0 0.575000 0.532870 0.046875 0.262037
0 0.628646 0.460648 0.016667 0.089815
0 0.531250 0.464815 0.019792 0.107407
0 0.311198 0.448611 0.009896 0.056481
0 0.315885 0.455556 0.013021 0.059259
0 0.301563 0.456944 0.010417 0.058333
0 0.291146 0.451852 0.012500 0.062963
0 0.322656 0.454167 0.011979 0.052778
0 0.311719 0.451852 0.011979 0.059259
0 0.277083 0.453704 0.014583 0.059259
0 0.513802 0.457870 0.017188 0.091667
0 0.310417 0.412500 0.010417 0.039815
0 0.315625 0.411111 0.009375 0.038889
0 0.491406 0.455556 0.010937 0.064815
0 0.284896 0.446296 0.011458 0.050000
