0 0.567708 0.603241 0.083333 0.428704
0 0.557813 0.498148 0.020833 0.098148
0 0.575521 0.500000 0.020833 0.103704
0 0.593229 0.461574 0.019792 0.091667
0 0.511198 0.450926 0.014063 0.070370
0 0.581771 0.454167 0.019792 0.100926
0 0.522656 0.466204 0.018229 0.104630
0 0.570052 0.660648 0.085938 0.580556
0 0.894010 0.614352 0.083854 0.441667
0 0.500781 0.631019 0.073438 0.482407
0 0.209896 0.481019 0.021875 0.102778
0 0.272656 0.471296 0.018229 0.100000
0 0.236979 0.473148 0.015625 0.100000
0 0.225000 0.481481 0.023958 0.094444
0 0.219531 0.465278 0.016146 0.076852
0 0.031250 0.582870 0.062500 0.425000
0 0.421354 0.507870 0.038542 0.193519
0 0.861979 0.565741 0.079167 0.374074
0 0.731771 0.520833 0.051042 0.262037
0 0.735417 0.459722 0.027083 0.099074
0 0.623698 0.461111 0.024479 0.098148
0 0.445312 0.448148 0.011458 0.064815
0 0.427604 0.448148 0.013542 0.070370
0 0.332031 0.451852 0.009896 0.055556
0 0.352344 0.450000 0.011979 0.055556
0 0.269010 0.465741 0.011979 0.074074
0 0.307292 0.453241 0.011458 0.054630
0 0.297656 0.453704 0.013021 0.053704
0 0.296094 0.449074 0.009896 0.055556
0 0.316406 0.449537 0.011979 0.050926
0 0.307552 0.448611 0.010937 0.056481
0 0.285156 0.451389 0.010937 0.056481
0 0.534115 0.457870 0.015104 0.073148
0 0.315625 0.428241 0.010417 0.039815
