0 0.916927 0.586111 0.128646 0.438889
0 0.340104 0.535185 0.044792 0.251852
0 0.942187 0.574074 0.114583 0.377778
0 0.558594 0.498148 0.019271 0.101852
0 0.576042 0.500926 0.016667 0.105556
0 0.664323 0.460185 0.017188 0.092593
0 0.536979 0.462037 0.020833 0.107407
0 0.581771 0.457407 0.019792 0.100000
0 0.494531 0.455556 0.022396 0.105556
0 0.278125 0.550000 0.059375 0.277778
0 0.361458 0.518519 0.035417 0.183333
0 0.773958 0.457870 0.033333 0.119444
0 0.827083 0.459722 0.027083 0.110185
0 0.283333 0.541667 0.045833 0.237037
0 0.294010 0.471296 0.018229 0.087037
0 0.265365 0.469444 0.014063 0.094444
0 0.228385 0.463889 0.020313 0.077778
0 0.312760 0.483796 0.020313 0.125000
0 0.535417 0.456019 0.016667 0.071296
0 0.344271 0.481481 0.019792 0.118519
0 0.306250 0.414352 0.010417 0.039815
0 0.314583 0.412037 0.009375 0.038889
0 0.541146 0.447685 0.012500 0.063889
0 0.376302 0.457407 0.017188 0.085185
