0 0.675000 0.622685 0.091667 0.489815
0 0.587760 0.476389 0.023438 0.141667
0 0.575521 0.499537 0.022917 0.102778
0 0.487760 0.444907 0.013021 0.058333
0 0.377083 0.673148 0.200000 0.651852
0 0.564583 0.456481 0.019792 0.101852
0 0.527344 0.458796 0.018229 0.091667
0 0.670312 0.681944 0.137500 0.619444
0 0.593490 0.637037 0.092188 0.488889
0 0.210156 0.481481 0.026562 0.105556
0 0.232031 0.473148 0.018229 0.101852
0 0.227083 0.473148 0.015625 0.100000
0 0.226302 0.480556 0.022396 0.094444
0 0.225781 0.463426 0.017188 0.076852
0 0.447396 0.517593 0.048958 0.279630
0 0.429167 0.524074 0.051042 0.246296
0 0.364844 0.545833 0.055729 0.275000
0 0.299740 0.536574 0.060937 0.267593
0 0.740104 0.548611 0.054167 0.319444
0 0.426042 0.476389 0.028125 0.136111
0 0.636979 0.456944 0.017708 0.082407
0 0.539583 0.456944 0.015625 0.075000
0 0.528906 0.453241 0.014063 0.075000
0 0.332031 0.461574 0.016146 0.075000
0 0.385156 0.454167 0.014063 0.071296
0 0.296615 0.454630 0.014063 0.068519
0 0.279427 0.457870 0.013021 0.063889
0 0.252344 0.462037 0.014063 0.070370
0 0.281771 0.451852 0.009375 0.053704
0 0.310937 0.447685 0.009375 0.045370
0 0.313281 0.443056 0.008854 0.045370
0 0.311719 0.443981 0.009896 0.045370
0 0.538542 0.453704 0.013542 0.072222
0 0.586719 0.462037 0.018229 0.092593
