0 0.454948 0.449537 0.036979 0.156481
0 0.386979 0.423611 0.022917 0.115741
0 0.293750 0.413889 0.017708 0.090741
0 0.967187 0.587500 0.064583 0.467593
0 0.009375 0.463426 0.018750 0.199074
0 0.220573 0.423611 0.023438 0.123148
0 0.364583 0.421296 0.021875 0.107407
0 0.365365 0.416204 0.019271 0.091667
0 0.042708 0.453241 0.030208 0.134259
0 0.444792 0.420833 0.020833 0.113889
0 0.397917 0.417593 0.016667 0.103704
0 0.177865 0.413426 0.018229 0.084259
0 0.166146 0.421759 0.014583 0.071296
0 0.195833 0.426389 0.017708 0.087963
0 0.154427 0.410185 0.009896 0.053704
0 0.321875 0.404167 0.013542 0.063889
