0 0.422396 0.564352 0.059375 0.323148
0 0.557552 0.498148 0.020313 0.101852
0 0.576042 0.500463 0.018750 0.104630
0 0.623437 0.460648 0.019792 0.091667
0 0.529687 0.457870 0.018750 0.091667
0 0.578906 0.455093 0.020313 0.100926
0 0.511458 0.458796 0.018750 0.104630
0 0.330990 0.610185 0.103646 0.438889
0 0.479167 0.546296 0.061458 0.266667
0 0.361979 0.579630 0.060417 0.331481
0 0.253385 0.480556 0.016146 0.100000
0 0.272135 0.470833 0.018229 0.097222
0 0.261458 0.471759 0.015625 0.095370
0 0.224740 0.481481 0.029687 0.094444
0 0.252865 0.462500 0.016146 0.076852
0 0.312240 0.489815 0.023438 0.133333
0 0.503646 0.522685 0.037500 0.237963
0 0.602604 0.462500 0.016667 0.082407
0 0.477344 0.466667 0.019271 0.116667
0 0.308073 0.449537 0.009896 0.056481
0 0.317969 0.456944 0.013021 0.062037
0 0.303906 0.458796 0.010937 0.062037
0 0.293750 0.454167 0.013542 0.067593
0 0.315625 0.453241 0.011458 0.062037
0 0.277344 0.454167 0.015104 0.062037
0 0.496354 0.452778 0.015625 0.088889
0 0.309896 0.411574 0.010417 0.039815
0 0.315625 0.411111 0.009375 0.038889
0 0.503906 0.453704 0.011979 0.066667
0 0.288021 0.445370 0.011458 0.050000
