0 0.844792 0.654630 0.048958 0.214815
0 0.262500 0.044907 0.031250 0.089815
0 0.283333 0.608796 0.052083 0.221296
0 0.915365 0.518981 0.049479 0.193519
0 0.504948 0.928704 0.039062 0.140741
0 0.351042 0.816667 0.036458 0.231481
0 0.433333 0.213426 0.033333 0.156481
0 0.510156 0.020833 0.025521 0.041667
0 0.483073 0.019907 0.027604 0.039815
0 0.333854 0.126852 0.019792 0.131481
0 0.150521 0.310648 0.030208 0.169444
0 0.121875 0.302778 0.031250 0.187037
0 0.608594 0.936574 0.052604 0.125000
0 0.639062 0.942130 0.042708 0.113889
0 0.402604 0.145370 0.022917 0.140741
0 0.407552 0.122685 0.026562 0.158333
0 0.297917 0.040741 0.022917 0.081481
0 0.268490 0.137500 0.023438 0.143519
0 0.194792 0.971296 0.052083 0.055556
0 0.299219 0.184722 0.031771 0.162037
0 0.155729 0.068981 0.028125 0.137963
0 0.200260 0.183333 0.025521 0.159259
0 0.163021 0.193056 0.025000 0.156481
0 0.199479 0.164352 0.025000 0.160185
0 0.134115 0.198611 0.023438 0.147222
0 0.121615 0.181019 0.026562 0.167593
0 0.150260 0.166204 0.028646 0.162037
0 0.157031 0.144444 0.027604 0.151852
0 0.118229 0.174074 0.020833 0.159259
0 0.470052 0.039352 0.025521 0.078704
0 0.194271 0.380556 0.034375 0.190741
0 0.260937 0.092593 0.031250 0.155556
0 0.804688 0.946296 0.045833 0.105556
0 0.761979 0.955556 0.039583 0.087037
0 0.862500 0.268519 0.034375 0.174074
0 0.803125 0.253704 0.030208 0.164815
0 0.786458 0.071296 0.030208 0.131481
0 0.831771 0.039352 0.027083 0.078704
0 0.791146 0.037037 0.026042 0.074074
0 0.252344 0.166667 0.023438 0.161111
0 0.231510 0.173148 0.027604 0.144444
0 0.188281 0.049074 0.024479 0.098148
0 0.232552 0.064815 0.029687 0.129630
0 0.197917 0.058333 0.028125 0.116667
0 0.236719 0.052315 0.023438 0.104630
0 0.847917 0.010648 0.015625 0.021296
0 0.645052 0.057407 0.022396 0.114815
