0 0.846615 0.656019 0.052604 0.217593
0 0.350521 0.630093 0.043750 0.225000
0 0.916146 0.518981 0.039583 0.195370
0 0.496875 0.932870 0.041667 0.132407
0 0.351042 0.816667 0.036458 0.231481
0 0.431510 0.208333 0.036979 0.157407
0 0.337240 0.125463 0.020313 0.128704
0 0.196094 0.235185 0.027604 0.153704
0 0.209896 0.244444 0.032292 0.177778
0 0.405208 0.142130 0.028125 0.147222
0 0.396094 0.109259 0.028646 0.151852
0 0.302083 0.038889 0.028125 0.077778
0 0.297917 0.187500 0.027083 0.154630
0 0.174740 0.059722 0.023438 0.119444
0 0.207031 0.179630 0.029687 0.157407
0 0.164062 0.194444 0.026042 0.155556
0 0.198958 0.157870 0.023958 0.158333
0 0.133594 0.203704 0.027604 0.153704
0 0.120833 0.180556 0.027083 0.170370
0 0.152344 0.161574 0.031771 0.156481
0 0.190885 0.144444 0.025521 0.150000
0 0.119271 0.163889 0.020833 0.159259
0 0.467187 0.024074 0.026042 0.048148
0 0.197656 0.886111 0.048438 0.225926
0 0.496875 0.379167 0.032292 0.193519
0 0.454427 0.388889 0.036979 0.192593
0 0.644010 0.753241 0.044271 0.249074
0 0.929948 0.741667 0.047396 0.227778
0 0.962500 0.698611 0.037500 0.225000
0 0.769010 0.042593 0.029687 0.085185
0 0.733073 0.042130 0.023438 0.084259
0 0.950521 0.246759 0.035417 0.167593
0 0.882812 0.209259 0.027083 0.155556
0 0.782292 0.228704 0.034375 0.148148
0 0.631250 0.186111 0.028125 0.153704
0 0.451823 0.033333 0.024479 0.066667
0 0.414844 0.030556 0.023438 0.061111
0 0.398438 0.038889 0.027083 0.077778
0 0.271875 0.136574 0.026042 0.141667
0 0.219531 0.506481 0.033854 0.203704
0 0.178385 0.508796 0.043229 0.184259
0 0.247396 0.142593 0.028125 0.161111
0 0.244010 0.082870 0.030729 0.143519
0 0.212500 0.062500 0.028125 0.125000
0 0.236979 0.062037 0.026042 0.124074
0 0.111458 0.059259 0.021875 0.118519
0 0.228906 0.337500 0.035937 0.178704
0 0.180990 0.331944 0.031771 0.178704
0 0.274740 0.316667 0.033854 0.168519
0 0.381510 0.028241 0.020313 0.056481
