0 0.346875 0.544444 0.048958 0.266667
0 0.558594 0.498148 0.019271 0.101852
0 0.575781 0.500926 0.017188 0.105556
0 0.665365 0.460185 0.017188 0.092593
0 0.533333 0.461111 0.020833 0.105556
0 0.580990 0.456481 0.020313 0.100000
0 0.494010 0.455556 0.022396 0.105556
0 0.296354 0.559722 0.067708 0.297222
0 0.382292 0.522685 0.038542 0.202778
0 0.816927 0.455556 0.026562 0.116667
0 0.283333 0.550463 0.045833 0.262037
0 0.286198 0.472685 0.018229 0.086111
0 0.265885 0.469907 0.015104 0.095370
0 0.256250 0.478241 0.015625 0.091667
0 0.228646 0.463889 0.019792 0.077778
0 0.315104 0.483333 0.020833 0.124074
0 0.374219 0.505093 0.042188 0.178704
0 0.550521 0.456019 0.016667 0.071296
0 0.353646 0.479630 0.019792 0.114815
0 0.323177 0.461111 0.013021 0.068519
0 0.302865 0.453704 0.011979 0.066667
0 0.325781 0.457407 0.011979 0.070370
0 0.307292 0.412500 0.010417 0.039815
0 0.314583 0.411111 0.009375 0.038889
0 0.540104 0.449537 0.012500 0.063889
0 0.395052 0.459259 0.017188 0.088889
