0 0.488281 0.410648 0.034896 0.152778
0 0.430729 0.383333 0.027083 0.129630
0 0.402604 0.390278 0.025000 0.132407
0 0.774219 0.604167 0.107813 0.617593
0 0.908594 0.602778 0.122396 0.631481
0 0.299479 0.386111 0.044792 0.157407
0 0.436979 0.381944 0.020833 0.115741
0 0.463542 0.383796 0.019792 0.110185
0 0.157292 0.389815 0.026042 0.120370
0 0.606510 0.412963 0.040104 0.225926
0 0.473438 0.385185 0.016667 0.096296
0 0.513021 0.380093 0.017708 0.106481
0 0.227604 0.381019 0.020833 0.113889
0 0.213802 0.381019 0.016146 0.089815
0 0.485417 0.380093 0.020833 0.086111
0 0.467187 0.378704 0.021875 0.092593
0 0.285677 0.390278 0.017188 0.100926
0 0.422135 0.368056 0.013021 0.063889
0 0.045312 0.361111 0.012500 0.066667
0 0.069792 0.379167 0.020833 0.102778
0 0.079687 0.370833 0.014583 0.063889
0 0.315104 0.365741 0.012500 0.053704
0 0.303906 0.368519 0.011979 0.048148
