0 0.394271 0.555093 0.060417 0.304630
0 0.557813 0.498148 0.019792 0.101852
0 0.575781 0.500463 0.018229 0.104630
0 0.640625 0.458796 0.019792 0.091667
0 0.531771 0.457870 0.018750 0.091667
0 0.578906 0.455556 0.020313 0.100000
0 0.507812 0.456019 0.018750 0.104630
0 0.335417 0.601852 0.076042 0.394444
0 0.447135 0.537500 0.044271 0.250926
0 0.331771 0.572222 0.059375 0.316667
0 0.261458 0.482407 0.020833 0.096296
0 0.268750 0.469907 0.017708 0.097222
0 0.226562 0.479167 0.031250 0.095370
0 0.248958 0.460185 0.015625 0.075926
0 0.320312 0.485185 0.022917 0.127778
0 0.470052 0.516204 0.046354 0.217593
0 0.590365 0.460648 0.018229 0.082407
0 0.439323 0.469444 0.020313 0.120370
0 0.306250 0.449537 0.010417 0.056481
0 0.319271 0.457870 0.013542 0.063889
0 0.309635 0.459722 0.010937 0.062037
0 0.296875 0.454630 0.012500 0.068519
0 0.318229 0.454167 0.011458 0.063889
0 0.281771 0.454167 0.015625 0.063889
0 0.309896 0.410648 0.010417 0.039815
0 0.315104 0.411111 0.009375 0.038889
0 0.509115 0.449537 0.011979 0.065741
0 0.499740 0.459722 0.010937 0.039815
0 0.424479 0.456944 0.016667 0.076852
0 0.290104 0.445370 0.011458 0.050000
