0 0.567448 0.598611 0.083854 0.421296
0 0.557552 0.498611 0.020313 0.097222
0 0.575521 0.500000 0.020833 0.103704
0 0.593750 0.461574 0.019792 0.091667
0 0.514062 0.451389 0.014583 0.071296
0 0.581771 0.454167 0.019792 0.100926
0 0.518229 0.467130 0.018750 0.104630
0 0.557813 0.669444 0.079167 0.590741
0 0.831771 0.597222 0.109375 0.396296
0 0.486198 0.625000 0.090104 0.453704
0 0.211198 0.481944 0.021354 0.102778
0 0.273958 0.471296 0.016667 0.100000
0 0.241146 0.472222 0.015625 0.096296
0 0.224740 0.481944 0.024479 0.093519
0 0.219271 0.466204 0.015625 0.076852
0 0.399740 0.502315 0.040104 0.184259
0 0.806250 0.561574 0.071875 0.354630
0 0.795312 0.529167 0.066667 0.284259
0 0.714844 0.458796 0.023438 0.099074
0 0.610938 0.463889 0.025000 0.100000
0 0.431250 0.450000 0.011458 0.064815
0 0.421354 0.449074 0.013542 0.070370
0 0.329167 0.453241 0.010417 0.054630
0 0.344531 0.450926 0.011979 0.055556
0 0.267969 0.466667 0.011979 0.074074
0 0.308073 0.454167 0.010937 0.056481
0 0.297656 0.454630 0.016146 0.055556
0 0.294792 0.449537 0.010417 0.056481
0 0.316406 0.450000 0.011979 0.051852
0 0.307292 0.450000 0.011458 0.059259
0 0.283073 0.450463 0.010937 0.054630
0 0.531250 0.457870 0.015625 0.076852
0 0.315104 0.426389 0.010417 0.039815
