0 0.624479 0.361111 0.031250 0.138889
0 0.450000 0.358333 0.031250 0.164815
0 0.101302 0.526852 0.172396 0.598148
0 0.490625 0.359259 0.029167 0.144444
0 0.623437 0.341667 0.016667 0.085185
0 0.724219 0.392593 0.047396 0.314815
0 0.373437 0.350926 0.019792 0.100000
0 0.707812 0.387963 0.045833 0.275926
0 0.547396 0.329167 0.014583 0.060185
0 0.195833 0.406481 0.032292 0.251852
0 0.178646 0.337037 0.021875 0.101852
0 0.161979 0.337037 0.014583 0.066667
0 0.165104 0.330556 0.014583 0.074074
0 0.572396 0.329167 0.009375 0.047222
0 0.559896 0.325926 0.010417 0.051852
0 0.338021 0.336111 0.016667 0.064815
0 0.392188 0.330093 0.012500 0.060185
0 0.399479 0.333796 0.011458 0.058333
