0 0.619531 0.609722 0.085938 0.484259
0 0.572396 0.487037 0.021875 0.118519
0 0.575781 0.499537 0.022396 0.102778
0 0.495052 0.449074 0.014063 0.066667
0 0.583073 0.455093 0.020313 0.102778
0 0.525260 0.460648 0.018229 0.097222
0 0.616146 0.655093 0.112500 0.560185
0 0.543490 0.629167 0.068229 0.476852
0 0.210417 0.481481 0.027083 0.103704
0 0.250521 0.471296 0.017708 0.100000
0 0.227604 0.472222 0.015625 0.100000
0 0.225781 0.481019 0.022396 0.095370
0 0.223438 0.464352 0.016667 0.076852
0 0.357031 0.533796 0.063021 0.313889
0 0.265104 0.539815 0.058333 0.272222
0 0.211719 0.574537 0.080729 0.315741
0 0.115885 0.572685 0.104688 0.330556
0 0.590365 0.528241 0.049479 0.252778
0 0.486979 0.488889 0.030208 0.164815
0 0.657552 0.457407 0.018229 0.088889
0 0.509115 0.456481 0.013021 0.072222
0 0.495833 0.451852 0.013542 0.070370
0 0.331771 0.455556 0.014583 0.066667
0 0.378385 0.450463 0.013021 0.063889
0 0.285938 0.453704 0.012500 0.064815
0 0.275000 0.456019 0.012500 0.062037
0 0.262240 0.462037 0.013021 0.075926
0 0.280990 0.450463 0.009896 0.049074
0 0.308854 0.449074 0.010417 0.048148
0 0.300260 0.450463 0.008854 0.050926
0 0.315104 0.446759 0.009375 0.049074
0 0.310417 0.444907 0.010417 0.049074
0 0.291667 0.449074 0.009375 0.051852
0 0.535937 0.453704 0.013542 0.068519
0 0.586719 0.462037 0.018229 0.092593
