0 0.460677 0.357870 0.092188 0.434259
0 0.549479 0.345370 0.084375 0.481481
0 0.085417 0.499537 0.170833 0.999074
0 0.294271 0.499537 0.255208 0.999074
0 0.362760 0.347685 0.084896 0.437963
0 0.400000 0.345370 0.056250 0.320370
0 0.637500 0.346296 0.052083 0.320370
0 0.945833 0.499537 0.107292 0.999074
0 0.738542 0.309722 0.018750 0.110185
0 0.716146 0.309722 0.013542 0.084259
0 0.696354 0.306481 0.016667 0.077778
0 0.852344 0.305093 0.017188 0.095370
0 0.938802 0.305556 0.019271 0.114815
0 0.949740 0.312500 0.018229 0.099074
0 0.764844 0.303241 0.013021 0.058333
