0 0.894010 0.575926 0.106771 0.418519
0 0.336979 0.535648 0.045833 0.250926
0 0.937760 0.568519 0.119271 0.366667
0 0.558854 0.498148 0.018750 0.101852
0 0.576042 0.500926 0.016667 0.105556
0 0.663802 0.460185 0.017188 0.092593
0 0.537500 0.462037 0.020833 0.107407
0 0.582031 0.457407 0.020313 0.100000
0 0.495052 0.455556 0.022396 0.105556
0 0.276823 0.546759 0.058854 0.271296
0 0.359635 0.517593 0.035937 0.181481
0 0.771354 0.458333 0.031250 0.120370
0 0.824219 0.460648 0.027604 0.113889
0 0.283333 0.541667 0.045833 0.233333
0 0.294010 0.471759 0.018229 0.086111
0 0.265365 0.469444 0.014063 0.094444
0 0.228385 0.463889 0.020313 0.077778
0 0.311979 0.483796 0.018750 0.125000
0 0.532292 0.456019 0.016667 0.071296
0 0.343750 0.482870 0.019792 0.121296
0 0.306250 0.414352 0.010417 0.039815
0 0.314583 0.412037 0.009375 0.038889
0 0.541146 0.447685 0.012500 0.063889
0 0.373698 0.457407 0.017188 0.083333
