0 0.735156 0.637500 0.053646 0.223148
0 0.235677 0.408796 0.042188 0.212037
0 0.074740 0.623148 0.043229 0.229630
0 0.916406 0.519907 0.039062 0.193519
0 0.636458 0.944907 0.043750 0.108333
0 0.354167 0.820833 0.052083 0.232407
0 0.429688 0.218519 0.031250 0.161111
0 0.994010 0.378241 0.010937 0.176852
0 0.788802 0.132407 0.027604 0.135185
0 0.792708 0.270370 0.026042 0.161111
0 0.762240 0.274537 0.036979 0.175000
0 0.419010 0.256944 0.030729 0.162037
0 0.528906 0.259722 0.035937 0.167593
0 0.080990 0.416204 0.024479 0.178704
0 0.085677 0.394444 0.033854 0.187037
0 0.452083 0.245370 0.027083 0.170370
0 0.473438 0.253241 0.028125 0.154630
0 0.551562 0.007407 0.023958 0.014815
0 0.703125 0.263426 0.020833 0.150926
0 0.665104 0.230556 0.037500 0.150000
0 0.380469 0.073148 0.027604 0.146296
0 0.296094 0.041204 0.020313 0.082407
0 0.023438 0.782870 0.034375 0.213889
0 0.282813 0.262500 0.028125 0.163889
0 0.275260 0.275926 0.040104 0.181481
0 0.239844 0.093519 0.026562 0.148148
0 0.212240 0.100000 0.027604 0.150000
0 0.292708 0.136574 0.023958 0.154630
0 0.266927 0.112963 0.028646 0.148148
0 0.199479 0.178704 0.028125 0.162963
0 0.261979 0.183333 0.030208 0.142593
0 0.165104 0.192593 0.027083 0.157407
0 0.187500 0.160185 0.023958 0.162963
0 0.122656 0.196296 0.025521 0.151852
0 0.146615 0.169907 0.025521 0.171296
0 0.151823 0.150926 0.029687 0.155556
0 0.152604 0.142593 0.028125 0.153704
0 0.117708 0.174074 0.020833 0.159259
0 0.487500 0.004167 0.020833 0.008333
0 0.186198 0.018056 0.023438 0.036111
0 0.227344 0.911574 0.049479 0.175000
