0 0.814323 0.675926 0.044271 0.225926
0 0.253125 0.197222 0.037500 0.185185
0 0.213542 0.652778 0.051042 0.229630
0 0.915625 0.519907 0.040625 0.193519
0 0.503906 0.920833 0.038021 0.156481
0 0.351042 0.816667 0.036458 0.231481
0 0.429427 0.218519 0.030729 0.161111
0 0.770312 0.062963 0.027083 0.125926
0 0.557292 0.144444 0.026042 0.148148
0 0.530208 0.149537 0.031250 0.167593
0 0.280208 0.169907 0.019792 0.154630
0 0.500000 0.112037 0.032292 0.157407
0 0.069531 0.410648 0.025521 0.173148
0 0.053125 0.392130 0.039583 0.186111
0 0.454427 0.501852 0.041146 0.196296
0 0.484896 0.503704 0.036458 0.185185
0 0.420833 0.161574 0.022917 0.141667
0 0.390625 0.168056 0.026042 0.154630
0 0.382292 0.076389 0.026042 0.141667
0 0.297135 0.042130 0.021354 0.084259
0 0.137760 0.422222 0.028646 0.175926
0 0.283854 0.548148 0.034375 0.201852
0 0.239063 0.536111 0.041667 0.214815
0 0.294271 0.136111 0.023958 0.153704
0 0.177604 0.122685 0.027083 0.149074
0 0.202344 0.181481 0.029687 0.164815
0 0.497656 0.445833 0.034896 0.173148
0 0.160938 0.200926 0.027083 0.157407
0 0.195573 0.165278 0.028646 0.158333
0 0.123958 0.200926 0.028125 0.151852
0 0.129948 0.182407 0.023438 0.174074
0 0.153125 0.160648 0.029167 0.147222
0 0.151562 0.142593 0.028125 0.153704
0 0.117188 0.174074 0.020833 0.159259
0 0.457031 0.039352 0.021354 0.078704
0 0.232552 0.121296 0.027604 0.155556
0 0.229427 0.452778 0.043229 0.200000
0 0.971875 0.570370 0.035417 0.194444
0 0.862760 0.015741 0.027604 0.031481
0 0.909896 0.128241 0.031250 0.143519
0 0.840365 0.055556 0.036979 0.111111
0 0.216927 0.924074 0.052604 0.150000
0 0.233854 0.886111 0.041667 0.225926
0 0.228125 0.030093 0.021875 0.060185
0 0.205208 0.029167 0.022917 0.058333
0 0.719271 0.015741 0.028125 0.031481
0 0.651042 0.076852 0.035417 0.085185
