0 0.432031 0.570833 0.059896 0.330556
0 0.557552 0.498148 0.020313 0.101852
0 0.575781 0.500463 0.019271 0.104630
0 0.616667 0.460648 0.019792 0.091667
0 0.529167 0.457870 0.018750 0.091667
0 0.579948 0.455093 0.020313 0.100926
0 0.513021 0.459722 0.018750 0.104630
0 0.345313 0.615278 0.109375 0.449074
0 0.489844 0.550926 0.060937 0.277778
0 0.369010 0.581019 0.061979 0.334259
0 0.251823 0.480556 0.017188 0.100000
0 0.273177 0.471759 0.018229 0.097222
0 0.261979 0.471759 0.015625 0.095370
0 0.226042 0.481481 0.026042 0.094444
0 0.252344 0.462500 0.016146 0.076852
0 0.311198 0.490741 0.025521 0.135185
0 0.521615 0.523611 0.049479 0.245370
0 0.607812 0.462500 0.016667 0.082407
0 0.490625 0.465278 0.018750 0.113889
0 0.308854 0.449537 0.010417 0.056481
0 0.317448 0.456481 0.013021 0.061111
0 0.302865 0.458796 0.010937 0.062037
0 0.292187 0.453241 0.013542 0.067593
0 0.314844 0.453241 0.011979 0.062037
0 0.276562 0.454167 0.015625 0.062037
0 0.500521 0.453704 0.016667 0.088889
0 0.309896 0.411574 0.010417 0.039815
0 0.315625 0.411111 0.009375 0.038889
0 0.501563 0.454630 0.011458 0.066667
0 0.287500 0.445370 0.011458 0.050000
