0 0.805990 0.670833 0.044271 0.226852
0 0.254167 0.202778 0.037500 0.187037
0 0.195052 0.654167 0.056771 0.232407
0 0.915625 0.519907 0.040625 0.193519
0 0.503125 0.919907 0.037500 0.158333
0 0.351042 0.816667 0.036458 0.231481
0 0.429427 0.218519 0.030729 0.161111
0 0.772396 0.068519 0.028125 0.129630
0 0.561198 0.145833 0.027604 0.147222
0 0.534375 0.155093 0.031250 0.167593
0 0.277865 0.170370 0.020313 0.155556
0 0.500521 0.120833 0.031250 0.158333
0 0.069531 0.410648 0.025521 0.173148
0 0.052865 0.392130 0.040104 0.186111
0 0.450260 0.494444 0.039062 0.198148
0 0.482292 0.494907 0.035417 0.184259
0 0.430729 0.165278 0.023958 0.141667
0 0.391927 0.169444 0.023438 0.155556
0 0.380729 0.074537 0.026042 0.143519
0 0.297135 0.042130 0.021354 0.084259
0 0.138021 0.432407 0.029167 0.177778
0 0.288281 0.533333 0.033854 0.198148
0 0.245312 0.524537 0.036458 0.215741
0 0.294010 0.136111 0.023438 0.153704
0 0.177604 0.122685 0.027083 0.149074
0 0.201042 0.181481 0.029167 0.164815
0 0.480990 0.432870 0.032813 0.169444
0 0.159375 0.200926 0.027083 0.157407
0 0.193750 0.164815 0.027083 0.161111
0 0.125000 0.199074 0.028125 0.151852
0 0.131250 0.180556 0.023958 0.170370
0 0.155729 0.164815 0.029167 0.140741
0 0.151562 0.142593 0.028125 0.153704
0 0.117188 0.174074 0.020833 0.159259
0 0.458854 0.037037 0.019792 0.074074
0 0.232292 0.116667 0.029167 0.155556
0 0.229948 0.464352 0.042188 0.202778
0 0.975521 0.586574 0.035417 0.199074
0 0.903646 0.120833 0.029167 0.141667
0 0.832292 0.048611 0.029167 0.097222
0 0.207031 0.911111 0.050521 0.175926
0 0.223438 0.875463 0.046875 0.247222
0 0.227865 0.027315 0.021354 0.054630
0 0.203125 0.027778 0.022917 0.055556
0 0.718229 0.015741 0.028125 0.031481
0 0.651042 0.076852 0.035417 0.085185
