0 0.345573 0.543981 0.049479 0.267593
0 0.558333 0.498148 0.019792 0.101852
0 0.575781 0.500926 0.017188 0.105556
0 0.665365 0.460185 0.017188 0.092593
0 0.533333 0.460648 0.020833 0.104630
0 0.580729 0.456481 0.019792 0.100000
0 0.493750 0.455556 0.021875 0.105556
0 0.300000 0.560648 0.065625 0.299074
0 0.384375 0.522222 0.039583 0.201852
0 0.820833 0.455093 0.026042 0.115741
0 0.285677 0.550000 0.046354 0.261111
0 0.284635 0.473148 0.018229 0.087037
0 0.265885 0.469907 0.015104 0.095370
0 0.255208 0.478241 0.015625 0.093519
0 0.228646 0.463889 0.019792 0.077778
0 0.315365 0.483333 0.021354 0.124074
0 0.375781 0.505556 0.041146 0.179630
0 0.551562 0.456019 0.016667 0.071296
0 0.355208 0.479630 0.019792 0.114815
0 0.322917 0.461111 0.013542 0.068519
0 0.302344 0.453704 0.011979 0.066667
0 0.325260 0.456944 0.011979 0.069444
0 0.307292 0.412500 0.010417 0.039815
0 0.314583 0.411111 0.009375 0.038889
0 0.540104 0.450463 0.012500 0.063889
0 0.396615 0.459259 0.017188 0.088889
