0 0.516406 0.586111 0.069271 0.388889
0 0.557552 0.499537 0.020313 0.097222
0 0.575781 0.500000 0.020313 0.103704
0 0.591667 0.462500 0.019792 0.091667
0 0.521094 0.455093 0.017188 0.084259
0 0.581771 0.455093 0.019792 0.100926
0 0.514844 0.463889 0.018229 0.105556
0 0.479687 0.648611 0.123958 0.541667
0 0.632552 0.575000 0.072396 0.335185
0 0.432552 0.606019 0.076563 0.404630
0 0.229687 0.481481 0.019792 0.101852
0 0.276042 0.469907 0.016667 0.100926
0 0.255990 0.471759 0.016146 0.095370
0 0.224740 0.482407 0.025521 0.092593
0 0.247917 0.463889 0.015625 0.075926
0 0.341927 0.500463 0.034896 0.167593
0 0.651563 0.543981 0.068750 0.295370
0 0.656510 0.461574 0.024479 0.093519
0 0.567448 0.465741 0.021354 0.107407
0 0.395052 0.451389 0.009896 0.063889
0 0.402344 0.450463 0.009896 0.067593
0 0.316146 0.450000 0.010417 0.055556
0 0.320833 0.450926 0.009375 0.055556
0 0.266927 0.466667 0.010937 0.075926
0 0.313802 0.454630 0.010937 0.057407
0 0.300781 0.456481 0.009896 0.057407
0 0.292448 0.451389 0.011979 0.060185
0 0.320052 0.452315 0.011979 0.052778
0 0.307292 0.450000 0.011458 0.059259
0 0.278385 0.452778 0.015104 0.057407
0 0.521354 0.457407 0.016667 0.087037
0 0.311458 0.418056 0.010417 0.039815
0 0.317188 0.414815 0.009375 0.038889
