0 0.762240 0.562037 0.077604 0.357407
0 0.327604 0.534722 0.044792 0.245370
0 0.813021 0.557407 0.082292 0.318519
0 0.558854 0.498148 0.018750 0.101852
0 0.576042 0.500926 0.016667 0.105556
0 0.662240 0.460185 0.017188 0.092593
0 0.539062 0.453704 0.020833 0.107407
0 0.582812 0.457407 0.019792 0.100000
0 0.497396 0.455556 0.021875 0.105556
0 0.261198 0.543519 0.061979 0.261111
0 0.348438 0.510648 0.032292 0.173148
0 0.731250 0.461111 0.032292 0.114815
0 0.793490 0.459722 0.028646 0.119444
0 0.271615 0.541204 0.046354 0.230556
0 0.294010 0.472685 0.018229 0.086111
0 0.228125 0.463889 0.020833 0.077778
0 0.311979 0.483333 0.017708 0.124074
0 0.517708 0.457870 0.016667 0.071296
0 0.306250 0.418056 0.010417 0.039815
0 0.314583 0.415741 0.009375 0.038889
0 0.545052 0.449074 0.013021 0.062963
0 0.358333 0.456944 0.017708 0.078704
