0 0.598958 0.618056 0.095833 0.445370
0 0.557813 0.497685 0.020833 0.097222
0 0.575781 0.500000 0.021354 0.103704
0 0.508073 0.450926 0.014063 0.070370
0 0.582552 0.455093 0.020313 0.100926
0 0.524740 0.465741 0.018229 0.103704
0 0.598437 0.652315 0.098958 0.563889
0 0.973958 0.632407 0.051042 0.477778
0 0.503906 0.632870 0.074479 0.486111
0 0.209635 0.480556 0.022396 0.101852
0 0.267188 0.471296 0.023958 0.100000
0 0.232813 0.472222 0.015625 0.100000
0 0.225000 0.481481 0.023958 0.094444
0 0.220312 0.465278 0.015625 0.076852
0 0.086719 0.581481 0.144271 0.412963
0 0.448958 0.508796 0.039583 0.200926
0 0.934635 0.577778 0.085938 0.414815
0 0.664844 0.514352 0.057813 0.236111
0 0.760156 0.457407 0.024479 0.101852
0 0.637760 0.461574 0.024479 0.097222
0 0.461979 0.449074 0.011458 0.064815
0 0.436979 0.447222 0.013542 0.070370
0 0.335417 0.455093 0.011458 0.058333
0 0.359635 0.450000 0.011979 0.055556
0 0.271354 0.464352 0.016667 0.073148
0 0.307812 0.452778 0.010417 0.053704
0 0.295833 0.452778 0.009375 0.053704
0 0.296094 0.448611 0.009896 0.054630
0 0.316667 0.449074 0.011458 0.050000
0 0.307552 0.447685 0.010937 0.054630
0 0.286719 0.451389 0.010937 0.056481
0 0.534635 0.456481 0.015104 0.072222
0 0.593229 0.461574 0.019792 0.091667
