0 0.622917 0.610648 0.088542 0.475000
0 0.561458 0.494444 0.020833 0.103704
0 0.575521 0.499537 0.021875 0.102778
0 0.500260 0.450000 0.014063 0.070370
0 0.583594 0.455556 0.020313 0.101852
0 0.523958 0.463889 0.018750 0.100000
0 0.611979 0.656019 0.107292 0.562037
0 0.520052 0.630556 0.073438 0.475926
0 0.208854 0.481481 0.025000 0.103704
0 0.258333 0.471296 0.017708 0.101852
0 0.230208 0.472222 0.015625 0.100000
0 0.225521 0.481019 0.022917 0.095370
0 0.222135 0.464352 0.016146 0.076852
0 0.259635 0.558333 0.100521 0.357407
0 0.126823 0.556019 0.066146 0.300926
0 0.058073 0.603241 0.116146 0.380556
0 0.528385 0.518056 0.045312 0.217593
0 0.553906 0.499074 0.041146 0.196296
0 0.812500 0.455093 0.023958 0.100926
0 0.656510 0.461111 0.022396 0.096296
0 0.490365 0.450926 0.011979 0.064815
0 0.467708 0.449074 0.013542 0.070370
0 0.334115 0.456481 0.014063 0.064815
0 0.369792 0.450000 0.011458 0.059259
0 0.277865 0.453704 0.011979 0.059259
0 0.266927 0.462963 0.013021 0.075926
0 0.281510 0.451389 0.008854 0.047222
0 0.308854 0.451389 0.010417 0.052778
0 0.297917 0.451852 0.009375 0.053704
0 0.297396 0.446759 0.009375 0.054630
0 0.316146 0.447222 0.010417 0.048148
0 0.309375 0.446296 0.010417 0.051852
0 0.289323 0.450000 0.009896 0.053704
0 0.534896 0.454630 0.014583 0.070370
0 0.590885 0.461574 0.019271 0.091667
