0 0.462500 0.570370 0.077083 0.344444
0 0.557292 0.498611 0.019792 0.100926
0 0.575781 0.500463 0.019271 0.104630
0 0.603125 0.461574 0.019792 0.091667
0 0.526563 0.457870 0.018750 0.091667
0 0.581771 0.455093 0.019792 0.100926
0 0.512760 0.461574 0.018229 0.104630
0 0.382552 0.639352 0.088021 0.491667
0 0.528385 0.557870 0.057813 0.295370
0 0.392708 0.592593 0.066667 0.346296
0 0.247917 0.481481 0.018750 0.100000
0 0.273958 0.470833 0.016667 0.099074
0 0.260937 0.472685 0.015625 0.095370
0 0.224219 0.481481 0.025521 0.098148
0 0.250781 0.462500 0.016146 0.076852
0 0.312500 0.494444 0.031250 0.150000
0 0.562500 0.531481 0.052083 0.255556
0 0.622917 0.460648 0.017708 0.087963
0 0.520312 0.465278 0.018750 0.112037
0 0.310417 0.448611 0.010417 0.056481
0 0.316406 0.455556 0.013021 0.059259
0 0.301823 0.457407 0.010937 0.059259
0 0.291406 0.451389 0.013021 0.063889
0 0.312500 0.452315 0.011458 0.060185
0 0.276823 0.454167 0.015104 0.060185
0 0.510156 0.456019 0.017188 0.091667
0 0.309896 0.411574 0.010417 0.039815
0 0.315625 0.411111 0.009375 0.038889
0 0.494531 0.455556 0.010937 0.064815
0 0.285938 0.446296 0.011458 0.050000
