0 0.844792 0.654630 0.048958 0.214815
0 0.259896 0.041204 0.031250 0.082407
0 0.267969 0.609259 0.045312 0.222222
0 0.915625 0.518981 0.050000 0.193519
0 0.495312 0.929167 0.038542 0.139815
0 0.351042 0.816667 0.036458 0.231481
0 0.433594 0.213889 0.032813 0.157407
0 0.507552 0.018519 0.025521 0.037037
0 0.480729 0.018056 0.027083 0.036111
0 0.335417 0.126389 0.019792 0.130556
0 0.153646 0.305093 0.030208 0.169444
0 0.125781 0.299074 0.028646 0.187037
0 0.610156 0.945370 0.052604 0.107407
0 0.636719 0.950926 0.041146 0.096296
0 0.403125 0.147222 0.021875 0.140741
0 0.404427 0.122222 0.026562 0.157407
0 0.297917 0.040741 0.022917 0.081481
0 0.266406 0.131019 0.023438 0.143519
0 0.192708 0.983333 0.052083 0.031481
0 0.299740 0.185648 0.031771 0.160185
0 0.159635 0.068056 0.026562 0.136111
0 0.200260 0.183333 0.025521 0.159259
0 0.163021 0.193056 0.025000 0.156481
0 0.197917 0.163889 0.026042 0.159259
0 0.132812 0.198611 0.023958 0.147222
0 0.122656 0.181019 0.026562 0.167593
0 0.151302 0.166204 0.028646 0.162037
0 0.157031 0.144444 0.027604 0.151852
0 0.118229 0.174074 0.020833 0.159259
0 0.471354 0.037963 0.026042 0.075926
0 0.193229 0.391667 0.034375 0.190741
0 0.258854 0.082407 0.031250 0.153704
0 0.791927 0.935648 0.045312 0.126852
0 0.747396 0.943981 0.040625 0.110185
0 0.859896 0.257870 0.033333 0.169444
0 0.800521 0.247222 0.028125 0.162963
0 0.786458 0.071296 0.030208 0.131481
0 0.825260 0.036574 0.027604 0.073148
0 0.785417 0.032407 0.026042 0.064815
0 0.255469 0.173148 0.023438 0.161111
0 0.233594 0.179167 0.027604 0.139815
0 0.183594 0.050000 0.024479 0.100000
0 0.229948 0.069444 0.029687 0.138889
0 0.198437 0.063889 0.026042 0.127778
0 0.234635 0.056944 0.023438 0.113889
0 0.846875 0.012963 0.015625 0.025926
0 0.636458 0.057407 0.028125 0.114815
