0 0.621875 0.610185 0.082292 0.479630
0 0.565365 0.491667 0.021354 0.109259
0 0.575521 0.499537 0.021875 0.102778
0 0.498177 0.449537 0.014063 0.069444
0 0.583854 0.455093 0.019792 0.102778
0 0.523438 0.463426 0.018750 0.099074
0 0.614062 0.656019 0.110417 0.562037
0 0.533854 0.628704 0.071875 0.475926
0 0.209115 0.481481 0.026562 0.103704
0 0.255208 0.471296 0.018750 0.101852
0 0.229167 0.472222 0.015625 0.100000
0 0.225521 0.481019 0.022917 0.095370
0 0.222656 0.464352 0.016146 0.076852
0 0.294792 0.543056 0.068750 0.339815
0 0.176042 0.553704 0.084375 0.294444
0 0.129688 0.585648 0.095833 0.350926
0 0.021354 0.576389 0.042708 0.349074
0 0.541406 0.522222 0.047396 0.229630
0 0.523958 0.498148 0.042708 0.185185
0 0.826042 0.455093 0.023958 0.100926
0 0.664062 0.457870 0.021875 0.089815
0 0.499219 0.452778 0.011979 0.064815
0 0.478646 0.449074 0.013542 0.070370
0 0.333854 0.456019 0.014583 0.065741
0 0.373698 0.451389 0.011979 0.062037
0 0.280208 0.454167 0.012500 0.060185
0 0.264323 0.462500 0.011979 0.076852
0 0.281250 0.450926 0.009375 0.048148
0 0.308854 0.450463 0.010417 0.050926
0 0.298958 0.451852 0.009375 0.053704
0 0.315885 0.447222 0.009896 0.048148
0 0.309635 0.445833 0.009896 0.050926
0 0.289844 0.449537 0.009896 0.052778
0 0.535156 0.454167 0.014063 0.069444
0 0.586719 0.462037 0.018229 0.092593
