0 0.844271 0.651389 0.043750 0.219444
0 0.255729 0.062963 0.031250 0.125926
0 0.392188 0.650463 0.041667 0.228704
0 0.914844 0.519444 0.043229 0.194444
0 0.544531 0.927315 0.041146 0.143519
0 0.351042 0.816667 0.036458 0.231481
0 0.432031 0.212963 0.033854 0.157407
0 0.523438 0.037500 0.026042 0.075000
0 0.494271 0.038426 0.028125 0.076852
0 0.332813 0.127315 0.021875 0.132407
0 0.126302 0.347685 0.031771 0.173148
0 0.094271 0.333333 0.031250 0.190741
0 0.573438 0.880556 0.067708 0.237037
0 0.610417 0.884722 0.050000 0.228704
0 0.403906 0.145370 0.021354 0.140741
0 0.441406 0.137500 0.027604 0.152778
0 0.297135 0.041204 0.021354 0.082407
0 0.249219 0.185185 0.025521 0.146296
0 0.150521 0.931019 0.042708 0.136111
0 0.177604 0.901389 0.054167 0.195370
0 0.301823 0.185185 0.024479 0.157407
0 0.172135 0.095370 0.028646 0.148148
0 0.200521 0.183333 0.027083 0.161111
0 0.163281 0.193056 0.025521 0.156481
0 0.196094 0.163426 0.024479 0.163889
0 0.126042 0.200926 0.025000 0.148148
0 0.121875 0.180093 0.027083 0.165741
0 0.163021 0.166204 0.028125 0.154630
0 0.157031 0.144907 0.026562 0.147222
0 0.118229 0.174074 0.020833 0.159259
0 0.467969 0.048148 0.025521 0.096296
0 0.213542 0.316667 0.034375 0.177778
0 0.258854 0.150463 0.030208 0.165741
0 0.879948 0.325926 0.038021 0.185185
0 0.828646 0.309722 0.030208 0.171296
0 0.786458 0.070370 0.030208 0.131481
0 0.974740 0.322685 0.034896 0.165741
0 0.872656 0.062037 0.027604 0.124074
0 0.828385 0.059259 0.027604 0.118519
0 0.231771 0.131944 0.022917 0.154630
0 0.207813 0.138889 0.027083 0.138889
0 0.198958 0.029167 0.023958 0.058333
0 0.240104 0.042593 0.027083 0.085185
0 0.205208 0.041204 0.026042 0.082407
0 0.250260 0.032407 0.023438 0.064815
