0 0.347135 0.543981 0.048438 0.265741
0 0.558594 0.498148 0.019271 0.101852
0 0.575781 0.500926 0.017188 0.105556
0 0.665365 0.460185 0.017188 0.092593
0 0.533333 0.461111 0.020833 0.105556
0 0.580990 0.456481 0.020313 0.100000
0 0.494010 0.455556 0.022396 0.105556
0 0.293750 0.557870 0.067708 0.297222
0 0.380729 0.523148 0.038542 0.203704
0 0.814323 0.455556 0.026562 0.116667
0 0.283333 0.549074 0.045833 0.261111
0 0.286719 0.472685 0.018229 0.086111
0 0.265885 0.469907 0.015104 0.095370
0 0.257031 0.477778 0.015104 0.090741
0 0.228646 0.463889 0.019792 0.077778
0 0.315104 0.483333 0.020833 0.124074
0 0.373698 0.504630 0.041146 0.177778
0 0.549479 0.456019 0.016667 0.071296
0 0.352604 0.480093 0.019792 0.115741
0 0.323437 0.461111 0.013542 0.068519
0 0.302865 0.453704 0.011979 0.066667
0 0.325781 0.457407 0.011979 0.070370
0 0.306771 0.412500 0.010417 0.039815
0 0.314583 0.411111 0.009375 0.038889
0 0.540104 0.449537 0.012500 0.063889
0 0.394010 0.459259 0.017188 0.088889
