0 0.624219 0.613889 0.092188 0.464815
0 0.557813 0.497222 0.020833 0.098148
0 0.575781 0.500000 0.021354 0.103704
0 0.503385 0.450000 0.014063 0.070370
0 0.583073 0.456019 0.020313 0.100926
0 0.524219 0.464352 0.018229 0.100926
0 0.605208 0.656944 0.098958 0.563889
0 0.509896 0.634722 0.076042 0.489815
0 0.209115 0.480556 0.023438 0.101852
0 0.261458 0.471296 0.016667 0.103704
0 0.231250 0.472222 0.015625 0.100000
0 0.225260 0.481019 0.023438 0.095370
0 0.221094 0.465278 0.016146 0.076852
0 0.190625 0.564815 0.100000 0.379630
0 0.048177 0.565741 0.075521 0.318519
0 0.489583 0.508333 0.039583 0.200000
0 0.598177 0.507407 0.046354 0.216667
0 0.790104 0.456481 0.027083 0.101852
0 0.653906 0.461574 0.024479 0.097222
0 0.478385 0.450000 0.011979 0.064815
0 0.454688 0.448148 0.013542 0.070370
0 0.335938 0.455093 0.012500 0.062037
0 0.365625 0.450463 0.011458 0.060185
0 0.269531 0.462963 0.014063 0.074074
0 0.280729 0.449537 0.008333 0.047222
0 0.307812 0.451852 0.010417 0.053704
0 0.296875 0.451852 0.009375 0.053704
0 0.297135 0.448611 0.009896 0.054630
0 0.316667 0.448148 0.011458 0.048148
0 0.308594 0.446759 0.010937 0.052778
0 0.288021 0.450000 0.010417 0.053704
0 0.534635 0.455556 0.015104 0.072222
0 0.593229 0.461574 0.019792 0.091667
