0 0.969531 0.650000 0.059896 0.562963
0 0.591406 0.468056 0.019271 0.141667
0 0.568490 0.470370 0.021354 0.114815
0 0.523438 0.456944 0.018750 0.091667
0 0.529948 0.461574 0.020313 0.093519
0 0.480729 0.462500 0.017708 0.091667
0 0.933333 0.686574 0.132292 0.625000
0 0.211198 0.481019 0.024479 0.104630
0 0.229687 0.472685 0.015625 0.097222
0 0.228385 0.473148 0.015104 0.100000
0 0.227865 0.480556 0.022396 0.092593
0 0.230729 0.461574 0.017708 0.076852
0 0.565625 0.514815 0.062500 0.264815
0 0.620313 0.513426 0.043750 0.228704
0 0.635677 0.535185 0.065104 0.253704
0 0.527344 0.513426 0.053646 0.226852
0 0.341667 0.469444 0.017708 0.100000
0 0.655208 0.460185 0.021875 0.105556
0 0.354427 0.466204 0.019271 0.093519
0 0.385417 0.462500 0.020833 0.095370
0 0.313542 0.461574 0.017708 0.076852
0 0.295312 0.462963 0.014583 0.074074
0 0.237760 0.462037 0.010937 0.066667
0 0.283333 0.448611 0.009375 0.052778
0 0.289844 0.460185 0.013021 0.068519
0 0.310156 0.430093 0.009896 0.041667
0 0.310417 0.438426 0.009375 0.041667
0 0.297396 0.422222 0.006250 0.027778
0 0.303385 0.419444 0.006771 0.029630
0 0.410156 0.443981 0.014063 0.052778
0 0.552344 0.457870 0.016146 0.084259
