0 0.820833 0.569444 0.122917 0.377778
0 0.329688 0.535185 0.045833 0.248148
0 0.861458 0.573148 0.103125 0.335185
0 0.558854 0.498148 0.018750 0.101852
0 0.576042 0.500926 0.016667 0.105556
0 0.663281 0.460185 0.017188 0.092593
0 0.538542 0.458333 0.020833 0.107407
0 0.582292 0.457407 0.019792 0.100000
0 0.496354 0.455556 0.021875 0.105556
0 0.266146 0.544907 0.064583 0.267593
0 0.353125 0.515278 0.035417 0.178704
0 0.750781 0.461574 0.028646 0.119444
0 0.809896 0.460648 0.027083 0.113889
0 0.276302 0.541204 0.046354 0.230556
0 0.294010 0.472222 0.018229 0.087037
0 0.228125 0.463889 0.020833 0.077778
0 0.311719 0.484259 0.018229 0.124074
0 0.525521 0.456019 0.016667 0.071296
0 0.343490 0.482407 0.020313 0.124074
0 0.306250 0.417130 0.010417 0.039815
0 0.314583 0.413889 0.009375 0.038889
0 0.541667 0.446759 0.012500 0.063889
0 0.365104 0.456944 0.017708 0.078704
