0 0.844792 0.654630 0.048958 0.214815
0 0.264062 0.047222 0.031250 0.094444
0 0.290104 0.610185 0.062500 0.220370
0 0.914844 0.518981 0.049479 0.193519
0 0.512240 0.929630 0.039062 0.138889
0 0.351042 0.816667 0.036458 0.231481
0 0.433594 0.213426 0.033854 0.156481
0 0.511719 0.023611 0.025521 0.047222
0 0.484896 0.021296 0.027083 0.042593
0 0.333854 0.126852 0.019792 0.131481
0 0.147917 0.315278 0.030208 0.169444
0 0.119271 0.306019 0.033333 0.187963
0 0.606510 0.929167 0.052604 0.139815
0 0.641667 0.936574 0.045833 0.125000
0 0.402865 0.145370 0.022396 0.140741
0 0.410677 0.124074 0.026562 0.159259
0 0.297656 0.040741 0.022396 0.081481
0 0.271615 0.143519 0.023438 0.144444
0 0.152083 0.989815 0.043750 0.018519
0 0.195833 0.962500 0.052083 0.073148
0 0.300000 0.184259 0.032292 0.162963
0 0.155208 0.071296 0.030208 0.142593
0 0.200260 0.183333 0.025521 0.159259
0 0.163021 0.193056 0.025000 0.156481
0 0.199479 0.166204 0.025000 0.160185
0 0.134635 0.198611 0.022396 0.147222
0 0.121094 0.181019 0.026562 0.167593
0 0.149479 0.166204 0.029167 0.162037
0 0.157552 0.144444 0.027604 0.151852
0 0.118229 0.174074 0.020833 0.159259
0 0.469271 0.039352 0.026042 0.078704
0 0.195312 0.372222 0.034375 0.190741
0 0.264062 0.097222 0.031250 0.159259
0 0.812760 0.953241 0.046354 0.091667
0 0.769792 0.963889 0.040625 0.070370
0 0.865104 0.271759 0.036458 0.175000
0 0.806771 0.257407 0.033333 0.164815
0 0.786458 0.071296 0.030208 0.131481
0 0.835677 0.042130 0.027604 0.084259
0 0.797135 0.039815 0.026562 0.079630
0 0.249219 0.162037 0.023438 0.161111
0 0.229687 0.169907 0.025000 0.141667
0 0.190885 0.047685 0.024479 0.095370
0 0.233594 0.059259 0.029687 0.118519
0 0.197396 0.056019 0.028125 0.112037
0 0.238281 0.048611 0.023438 0.097222
0 0.649479 0.057407 0.026042 0.114815
