0 0.498177 0.584722 0.067187 0.375000
0 0.557552 0.500926 0.020313 0.096296
0 0.575781 0.500463 0.019271 0.104630
0 0.593750 0.462500 0.019792 0.091667
0 0.523698 0.456481 0.018229 0.088889
0 0.581771 0.455093 0.019792 0.100926
0 0.513542 0.462963 0.018750 0.105556
0 0.428906 0.644907 0.103646 0.543519
0 0.586198 0.563889 0.069271 0.305556
0 0.415885 0.595370 0.067187 0.346296
0 0.237760 0.481944 0.022396 0.099074
0 0.276823 0.470370 0.018229 0.101852
0 0.258594 0.472685 0.016146 0.095370
0 0.225521 0.482407 0.022917 0.094444
0 0.252083 0.463426 0.015625 0.076852
0 0.327344 0.500926 0.027604 0.157407
0 0.610417 0.537500 0.069792 0.276852
0 0.641927 0.462037 0.023438 0.092593
0 0.552083 0.471296 0.021875 0.118519
0 0.385677 0.451389 0.009896 0.062037
0 0.393750 0.449537 0.010417 0.065741
0 0.312240 0.448611 0.009896 0.056481
0 0.267708 0.466667 0.010417 0.075926
0 0.315365 0.455093 0.013021 0.058333
0 0.301042 0.456481 0.010417 0.057407
0 0.291667 0.451852 0.012500 0.061111
0 0.321615 0.453241 0.011979 0.052778
0 0.309896 0.450926 0.011458 0.059259
0 0.277604 0.453241 0.014583 0.058333
0 0.518229 0.457407 0.016667 0.090741
0 0.310937 0.415278 0.010417 0.039815
0 0.316146 0.412037 0.009375 0.038889
0 0.283333 0.446296 0.011458 0.050000
