0 0.522917 0.585648 0.073958 0.391667
0 0.557552 0.499537 0.020313 0.097222
0 0.575781 0.500000 0.020313 0.103704
0 0.591667 0.462500 0.019792 0.091667
0 0.520573 0.455093 0.017188 0.082407
0 0.581771 0.455093 0.019792 0.100926
0 0.515104 0.464352 0.018750 0.104630
0 0.490885 0.651852 0.107813 0.550000
0 0.647396 0.572222 0.057292 0.333333
0 0.439063 0.607870 0.079167 0.408333
0 0.228385 0.481019 0.018229 0.102778
0 0.275521 0.469907 0.016667 0.100926
0 0.255469 0.471759 0.016146 0.095370
0 0.224479 0.481944 0.025000 0.093519
0 0.243229 0.463889 0.015625 0.075926
0 0.347656 0.501852 0.039062 0.168519
0 0.660937 0.545833 0.063542 0.300926
0 0.661979 0.462037 0.025000 0.094444
0 0.572917 0.465741 0.021875 0.107407
0 0.398438 0.451389 0.010417 0.063889
0 0.404427 0.450463 0.009896 0.067593
0 0.317188 0.450463 0.010417 0.054630
0 0.322917 0.450926 0.009375 0.055556
0 0.266667 0.466667 0.011458 0.075926
0 0.313281 0.454630 0.010937 0.057407
0 0.300260 0.456481 0.009896 0.057407
0 0.292448 0.451389 0.011979 0.060185
0 0.319531 0.452315 0.011979 0.052778
0 0.306771 0.450000 0.011458 0.059259
0 0.278646 0.452778 0.014583 0.057407
0 0.522396 0.457870 0.016667 0.086111
0 0.311458 0.418981 0.010417 0.039815
0 0.317708 0.415741 0.009375 0.038889
