0 0.839323 0.572685 0.111979 0.389815
0 0.332292 0.535648 0.046875 0.249074
0 0.894271 0.564815 0.093750 0.348148
0 0.558854 0.498148 0.018750 0.101852
0 0.576042 0.500926 0.016667 0.105556
0 0.663802 0.460185 0.017188 0.092593
0 0.538021 0.461111 0.020833 0.107407
0 0.582292 0.457407 0.019792 0.100000
0 0.495833 0.455556 0.021875 0.105556
0 0.271094 0.544907 0.061979 0.267593
0 0.355990 0.516667 0.035937 0.179630
0 0.756510 0.456944 0.036979 0.119444
0 0.816667 0.460648 0.021875 0.112037
0 0.279948 0.541204 0.046354 0.230556
0 0.294010 0.472222 0.018229 0.087037
0 0.228125 0.463889 0.020833 0.077778
0 0.311719 0.484722 0.018229 0.125000
0 0.528646 0.456019 0.016667 0.071296
0 0.342708 0.480556 0.019792 0.118519
0 0.306250 0.416204 0.010417 0.039815
0 0.314583 0.412963 0.009375 0.038889
0 0.540625 0.446759 0.012500 0.063889
0 0.368750 0.456944 0.017708 0.080556
