0 0.434635 0.570833 0.053646 0.334259
0 0.557292 0.498148 0.019792 0.101852
0 0.575781 0.500463 0.019271 0.104630
0 0.613021 0.461574 0.019792 0.091667
0 0.528646 0.457870 0.018750 0.091667
0 0.580469 0.455093 0.020313 0.100926
0 0.513802 0.460648 0.018229 0.104630
0 0.352865 0.618981 0.101562 0.454630
0 0.497656 0.552315 0.053646 0.282407
0 0.371615 0.580093 0.067187 0.332407
0 0.250781 0.480556 0.018229 0.100000
0 0.273698 0.471759 0.018229 0.097222
0 0.261979 0.471759 0.015625 0.095370
0 0.225521 0.481944 0.026042 0.095370
0 0.251823 0.462500 0.016146 0.076852
0 0.310937 0.491667 0.027083 0.137037
0 0.530469 0.525926 0.055729 0.250000
0 0.610677 0.462037 0.016146 0.083333
0 0.497656 0.468981 0.019271 0.121296
0 0.309115 0.449537 0.009896 0.056481
0 0.317448 0.456481 0.013021 0.061111
0 0.302344 0.458333 0.010937 0.061111
0 0.291667 0.453241 0.013542 0.067593
0 0.314323 0.452778 0.011979 0.061111
0 0.276302 0.454630 0.015104 0.061111
0 0.502604 0.454167 0.016667 0.089815
0 0.309896 0.411574 0.010417 0.039815
0 0.315625 0.411111 0.009375 0.038889
0 0.500000 0.454630 0.011458 0.066667
0 0.286979 0.445370 0.011458 0.050000
