0 0.889323 0.654167 0.111979 0.552778
0 0.590104 0.470370 0.018750 0.144444
0 0.577865 0.477315 0.024479 0.121296
0 0.511458 0.452778 0.016667 0.081481
0 0.535417 0.463889 0.019792 0.100000
0 0.508073 0.461111 0.018229 0.090741
0 0.961979 0.675463 0.075000 0.647222
0 0.823698 0.684259 0.120313 0.605556
0 0.211719 0.481019 0.025521 0.104630
0 0.229427 0.472685 0.016146 0.099074
0 0.228125 0.473148 0.015625 0.100000
0 0.227865 0.480093 0.022396 0.093519
0 0.229167 0.461574 0.017708 0.076852
0 0.513542 0.517130 0.066667 0.273148
0 0.596615 0.514352 0.041146 0.223148
0 0.565625 0.541204 0.057292 0.258333
0 0.455729 0.517593 0.061458 0.235185
0 0.352344 0.470833 0.020313 0.108333
0 0.619010 0.460648 0.020313 0.093519
0 0.605729 0.456481 0.018750 0.096296
0 0.347396 0.464352 0.015625 0.087963
0 0.380729 0.458796 0.016667 0.087963
0 0.309115 0.459722 0.018229 0.075000
0 0.290885 0.462037 0.014063 0.070370
0 0.242448 0.461574 0.013021 0.067593
0 0.285677 0.457407 0.009896 0.062963
0 0.308854 0.434259 0.009375 0.042593
0 0.311719 0.443981 0.009896 0.045370
0 0.296615 0.425926 0.006771 0.029630
0 0.302344 0.423148 0.006771 0.029630
0 0.395052 0.445370 0.014063 0.055556
0 0.556510 0.458796 0.017188 0.084259
