0 0.517969 0.585185 0.070312 0.390741
0 0.557552 0.499537 0.020313 0.097222
0 0.575781 0.500000 0.020313 0.103704
0 0.591667 0.462500 0.019792 0.091667
0 0.521094 0.455093 0.017188 0.084259
0 0.581771 0.455093 0.019792 0.100926
0 0.514844 0.464352 0.018229 0.104630
0 0.482812 0.648611 0.117708 0.541667
0 0.637760 0.574074 0.067187 0.335185
0 0.435156 0.606944 0.079687 0.406481
0 0.229167 0.481481 0.018750 0.101852
0 0.276042 0.469907 0.016667 0.100926
0 0.255469 0.471759 0.016146 0.095370
0 0.224740 0.482407 0.025521 0.092593
0 0.247396 0.463889 0.015625 0.075926
0 0.345313 0.501389 0.038542 0.167593
0 0.652865 0.546296 0.070312 0.298148
0 0.658594 0.462037 0.024479 0.094444
0 0.569531 0.465741 0.021354 0.107407
0 0.396094 0.451389 0.009896 0.063889
0 0.403385 0.450463 0.009896 0.067593
0 0.316667 0.450000 0.010417 0.055556
0 0.321875 0.450926 0.009375 0.055556
0 0.266927 0.466667 0.010937 0.075926
0 0.313281 0.454630 0.010937 0.057407
0 0.300781 0.456481 0.009896 0.057407
0 0.292448 0.451389 0.011979 0.060185
0 0.319531 0.452315 0.011979 0.052778
0 0.306771 0.450000 0.011458 0.059259
0 0.278646 0.452778 0.014583 0.057407
0 0.521875 0.457407 0.016667 0.087037
0 0.311458 0.418981 0.010417 0.039815
0 0.317188 0.415741 0.009375 0.038889
