0 0.844792 0.654630 0.048958 0.214815
0 0.265625 0.049537 0.031250 0.099074
0 0.304688 0.609722 0.045833 0.223148
0 0.914583 0.518981 0.048958 0.193519
0 0.519271 0.933796 0.039583 0.130556
0 0.351042 0.816667 0.036458 0.231481
0 0.433594 0.213426 0.033854 0.156481
0 0.513281 0.024074 0.025521 0.048148
0 0.485938 0.023148 0.027083 0.046296
0 0.333854 0.126852 0.019792 0.131481
0 0.145052 0.316667 0.030729 0.170370
0 0.113802 0.310185 0.038021 0.185185
0 0.605729 0.924537 0.053125 0.149074
0 0.641667 0.931019 0.048958 0.136111
0 0.403125 0.145370 0.021875 0.140741
0 0.414062 0.124537 0.027083 0.160185
0 0.297656 0.041204 0.022396 0.082407
0 0.270573 0.149074 0.023438 0.144444
0 0.150521 0.982870 0.043750 0.032407
0 0.194271 0.955556 0.052083 0.087037
0 0.301563 0.183796 0.029167 0.163889
0 0.157292 0.073611 0.030208 0.145370
0 0.200521 0.183333 0.026042 0.159259
0 0.163021 0.193056 0.025000 0.156481
0 0.199219 0.166204 0.024479 0.158333
0 0.132552 0.198611 0.025521 0.147222
0 0.119531 0.181019 0.026562 0.167593
0 0.151562 0.166204 0.029167 0.162037
0 0.157812 0.143519 0.027083 0.151852
0 0.118229 0.174074 0.020833 0.159259
0 0.468490 0.039352 0.025521 0.078704
0 0.198177 0.368056 0.032813 0.187963
0 0.266406 0.101852 0.031771 0.161111
0 0.820833 0.960185 0.046875 0.077778
0 0.777344 0.972222 0.041146 0.053704
0 0.865625 0.278241 0.039583 0.175000
0 0.812500 0.262500 0.030208 0.165741
0 0.786458 0.071296 0.030208 0.131481
0 0.841406 0.043056 0.027604 0.086111
0 0.799219 0.040278 0.026562 0.080556
0 0.246354 0.157407 0.023958 0.157407
0 0.227604 0.166204 0.023958 0.139815
0 0.192448 0.045833 0.024479 0.091667
0 0.233854 0.058796 0.030208 0.117593
0 0.196875 0.055093 0.027083 0.110185
0 0.239844 0.045370 0.023438 0.090741
