0 0.455729 0.569907 0.067708 0.343519
0 0.557292 0.498611 0.019792 0.100926
0 0.575781 0.500463 0.019271 0.104630
0 0.604167 0.461574 0.019792 0.091667
0 0.527083 0.457870 0.018750 0.091667
0 0.581771 0.455093 0.019792 0.100926
0 0.513542 0.461574 0.018750 0.104630
0 0.379167 0.637037 0.087500 0.488889
0 0.524479 0.558796 0.061458 0.295370
0 0.390625 0.588889 0.066667 0.346296
0 0.248438 0.481481 0.018750 0.100000
0 0.273958 0.470833 0.016667 0.099074
0 0.261198 0.472685 0.016146 0.095370
0 0.224219 0.481481 0.025521 0.098148
0 0.250781 0.462500 0.016146 0.076852
0 0.311458 0.494444 0.030208 0.150000
0 0.557292 0.528704 0.047917 0.253704
0 0.620833 0.460185 0.018750 0.087037
0 0.517708 0.465741 0.018750 0.112963
0 0.310156 0.448611 0.009896 0.056481
0 0.316406 0.456019 0.013021 0.060185
0 0.301823 0.457407 0.010937 0.059259
0 0.291406 0.451852 0.013021 0.064815
0 0.312760 0.452315 0.011979 0.060185
0 0.276823 0.454167 0.015104 0.060185
0 0.509635 0.456019 0.017188 0.091667
0 0.309896 0.411574 0.010417 0.039815
0 0.315625 0.411111 0.009375 0.038889
0 0.495052 0.455556 0.010937 0.064815
0 0.286458 0.445370 0.011458 0.050000
