0 0.626042 0.612963 0.088542 0.472222
0 0.560156 0.495370 0.021354 0.101852
0 0.575521 0.499537 0.021875 0.102778
0 0.501302 0.450000 0.014063 0.070370
0 0.583594 0.455556 0.020313 0.101852
0 0.523958 0.463889 0.018750 0.100000
0 0.610417 0.656481 0.104167 0.562963
0 0.516146 0.631944 0.073958 0.480556
0 0.209115 0.481019 0.024479 0.102778
0 0.259115 0.471296 0.017188 0.101852
0 0.230208 0.472222 0.015625 0.100000
0 0.225521 0.481019 0.022917 0.095370
0 0.221615 0.464352 0.016146 0.076852
0 0.248698 0.559259 0.083854 0.364815
0 0.107552 0.557870 0.088021 0.302778
0 0.052865 0.605093 0.105729 0.378704
0 0.518750 0.513889 0.043750 0.211111
0 0.565104 0.499537 0.040625 0.199074
0 0.807552 0.456019 0.023438 0.100926
0 0.654427 0.461111 0.022396 0.096296
0 0.486979 0.450926 0.011458 0.064815
0 0.463542 0.448148 0.013542 0.070370
0 0.334896 0.456481 0.013542 0.062963
0 0.368229 0.449537 0.011458 0.060185
0 0.277083 0.453704 0.012500 0.059259
0 0.267708 0.462963 0.013542 0.075926
0 0.280990 0.450463 0.008854 0.047222
0 0.308333 0.451852 0.010417 0.053704
0 0.297396 0.451852 0.009375 0.053704
0 0.297656 0.447222 0.009896 0.055556
0 0.316406 0.447222 0.010937 0.048148
0 0.308854 0.446759 0.010417 0.052778
0 0.289062 0.450463 0.010417 0.054630
0 0.534635 0.455093 0.015104 0.071296
0 0.593229 0.461574 0.019792 0.091667
