0 0.605729 0.613426 0.094792 0.458333
0 0.557813 0.497222 0.020833 0.098148
0 0.575781 0.500000 0.021354 0.103704
0 0.506510 0.450000 0.014063 0.070370
0 0.583073 0.456019 0.020313 0.100926
0 0.524740 0.465278 0.018229 0.102778
0 0.600521 0.654167 0.098958 0.563889
0 0.505990 0.634259 0.076563 0.488889
0 0.209375 0.480556 0.022917 0.101852
0 0.265365 0.471759 0.020313 0.100926
0 0.232292 0.472222 0.015625 0.100000
0 0.225260 0.481481 0.023438 0.094444
0 0.220573 0.465278 0.016146 0.076852
0 0.128646 0.569907 0.091667 0.395370
0 0.466927 0.506019 0.042188 0.199074
0 0.958333 0.580556 0.082292 0.420370
0 0.640885 0.512963 0.045312 0.233333
0 0.769792 0.457870 0.023958 0.102778
0 0.644010 0.461574 0.024479 0.097222
0 0.468229 0.449074 0.011458 0.064815
0 0.442708 0.447222 0.013542 0.070370
0 0.335417 0.454630 0.011458 0.059259
0 0.359115 0.450926 0.011979 0.055556
0 0.269531 0.463426 0.014063 0.073148
0 0.281771 0.449537 0.008333 0.047222
0 0.307812 0.451852 0.010417 0.053704
0 0.296354 0.452778 0.009375 0.053704
0 0.296094 0.448611 0.009896 0.054630
0 0.316667 0.448611 0.011458 0.049074
0 0.308073 0.447222 0.010937 0.053704
0 0.286979 0.449537 0.010417 0.052778
0 0.534635 0.456481 0.015104 0.072222
0 0.593229 0.461574 0.019792 0.091667
