0 0.612760 0.385185 0.031771 0.138889
0 0.446354 0.370370 0.029167 0.142593
0 0.333594 0.411574 0.067187 0.308333
0 0.949740 0.632407 0.099479 0.714815
0 0.201042 0.390741 0.062500 0.262963
0 0.483333 0.371759 0.021875 0.126852
0 0.520312 0.346296 0.013542 0.055556
0 0.563802 0.374074 0.023438 0.155556
0 0.292969 0.359722 0.021354 0.100926
0 0.570573 0.369907 0.025521 0.141667
0 0.655469 0.369907 0.018229 0.110185
0 0.288542 0.361111 0.019792 0.120370
0 0.269271 0.362963 0.022917 0.120370
0 0.294531 0.364815 0.022396 0.129630
0 0.007031 0.362500 0.014063 0.145370
0 0.498698 0.340278 0.009896 0.034259
0 0.380990 0.343519 0.010937 0.059259
0 0.359115 0.337963 0.013021 0.066667
0 0.335156 0.338426 0.011979 0.060185
0 0.347917 0.336574 0.012500 0.058333
