0 0.479427 0.577315 0.076563 0.354630
0 0.557292 0.498611 0.019792 0.100926
0 0.575781 0.500463 0.019271 0.104630
0 0.597917 0.462500 0.019792 0.091667
0 0.525521 0.457870 0.018750 0.091667
0 0.581771 0.455093 0.019792 0.100926
0 0.512760 0.462037 0.018229 0.105556
0 0.402604 0.647222 0.080208 0.527778
0 0.566146 0.558333 0.075000 0.292593
0 0.407813 0.597222 0.066667 0.348148
0 0.242188 0.481481 0.019792 0.100000
0 0.275260 0.471296 0.016146 0.098148
0 0.259635 0.472685 0.016146 0.095370
0 0.224479 0.481481 0.025000 0.096296
0 0.250260 0.462500 0.016146 0.076852
0 0.320052 0.497222 0.028646 0.155556
0 0.583073 0.530093 0.045312 0.263889
0 0.630469 0.460648 0.017188 0.089815
0 0.537500 0.464815 0.021875 0.107407
0 0.380990 0.451852 0.009896 0.061111
0 0.388281 0.449074 0.009896 0.064815
0 0.311198 0.448611 0.009896 0.056481
0 0.315885 0.455093 0.013021 0.058333
0 0.301563 0.456944 0.010417 0.058333
0 0.291146 0.451852 0.012500 0.062963
0 0.322656 0.454167 0.011979 0.052778
0 0.311458 0.451852 0.011458 0.059259
0 0.277344 0.453704 0.015104 0.059259
0 0.514844 0.457870 0.017188 0.091667
0 0.310417 0.413426 0.010417 0.039815
0 0.315625 0.411111 0.009375 0.038889
0 0.284375 0.446296 0.011458 0.050000
