0 0.425781 0.566667 0.059896 0.325926
0 0.557552 0.498148 0.020313 0.101852
0 0.576042 0.500463 0.018750 0.104630
0 0.620833 0.460648 0.019792 0.091667
0 0.529687 0.457870 0.018750 0.091667
0 0.579427 0.455093 0.020313 0.100926
0 0.511979 0.458796 0.018750 0.104630
0 0.335938 0.611574 0.113542 0.441667
0 0.484115 0.547222 0.064062 0.270370
0 0.365104 0.581019 0.059375 0.334259
0 0.253385 0.480556 0.016146 0.100000
0 0.272656 0.470833 0.018229 0.097222
0 0.261979 0.471759 0.015625 0.095370
0 0.225521 0.481481 0.028125 0.094444
0 0.252344 0.462500 0.016146 0.076852
0 0.311719 0.489815 0.023438 0.133333
0 0.508333 0.522222 0.039583 0.242593
0 0.604167 0.462500 0.016667 0.082407
0 0.482031 0.469444 0.019271 0.122222
0 0.308333 0.449537 0.010417 0.056481
0 0.317969 0.456944 0.013021 0.062037
0 0.303906 0.458796 0.010937 0.062037
0 0.293229 0.454167 0.013542 0.067593
0 0.315365 0.453241 0.011979 0.062037
0 0.277083 0.454167 0.015625 0.062037
0 0.497656 0.452778 0.016146 0.088889
0 0.309896 0.411574 0.010417 0.039815
0 0.315625 0.411111 0.009375 0.038889
0 0.503385 0.453704 0.011979 0.066667
0 0.288021 0.445370 0.011458 0.050000
