0 0.624479 0.613889 0.088542 0.464815
0 0.577344 0.483796 0.022396 0.126852
0 0.575521 0.499537 0.022917 0.102778
0 0.492188 0.449074 0.013542 0.064815
0 0.580208 0.455093 0.019792 0.102778
0 0.527344 0.458796 0.018229 0.095370
0 0.602604 0.653704 0.100000 0.562963
0 0.549740 0.630093 0.069271 0.478704
0 0.210677 0.482407 0.026562 0.103704
0 0.245312 0.472222 0.019792 0.101852
0 0.227083 0.473148 0.015625 0.100000
0 0.225781 0.481019 0.022396 0.095370
0 0.224479 0.463426 0.016667 0.076852
0 0.387240 0.527315 0.065104 0.304630
0 0.322135 0.532407 0.049479 0.261111
0 0.271615 0.560648 0.079687 0.302778
0 0.188802 0.555556 0.077604 0.311111
0 0.632552 0.534722 0.052604 0.262037
0 0.464323 0.483796 0.029687 0.160185
0 0.649740 0.457870 0.018229 0.087963
0 0.517969 0.455556 0.014063 0.072222
0 0.507031 0.451389 0.013021 0.071296
0 0.331250 0.458796 0.014583 0.071296
0 0.380729 0.451389 0.012500 0.065741
0 0.288281 0.454167 0.013021 0.065741
0 0.276562 0.456019 0.012500 0.062037
0 0.259115 0.462037 0.013021 0.075926
0 0.280990 0.450000 0.009896 0.050000
0 0.309635 0.448148 0.009896 0.046296
0 0.300781 0.449537 0.008854 0.050926
0 0.314583 0.445370 0.009375 0.048148
0 0.311198 0.444444 0.009896 0.048148
0 0.536198 0.453241 0.013021 0.067593
0 0.586719 0.462037 0.018229 0.092593
