0 0.682031 0.628241 0.092188 0.491667
0 0.588802 0.475926 0.023438 0.142593
0 0.575521 0.499537 0.022917 0.102778
0 0.487240 0.444907 0.013021 0.058333
0 0.316146 0.677315 0.200000 0.643519
0 0.563021 0.456481 0.019792 0.101852
0 0.527344 0.458796 0.018229 0.091667
0 0.676823 0.683796 0.146354 0.619444
0 0.600521 0.638889 0.090625 0.496296
0 0.210156 0.481481 0.026562 0.105556
0 0.232031 0.473148 0.018229 0.101852
0 0.227083 0.473148 0.015625 0.100000
0 0.226823 0.480556 0.022396 0.094444
0 0.225781 0.463426 0.017188 0.076852
0 0.449740 0.517130 0.045312 0.280556
0 0.439063 0.522685 0.052083 0.243519
0 0.373698 0.546296 0.064062 0.272222
0 0.306771 0.534722 0.064583 0.263889
0 0.753125 0.554167 0.070833 0.325000
0 0.423177 0.475463 0.028646 0.134259
0 0.635938 0.456481 0.017708 0.081481
0 0.541667 0.456944 0.015625 0.075000
0 0.531250 0.452778 0.013542 0.077778
0 0.332292 0.461111 0.016667 0.075926
0 0.385417 0.454630 0.014583 0.072222
0 0.297396 0.454630 0.014583 0.068519
0 0.279687 0.457870 0.012500 0.063889
0 0.251823 0.462037 0.014063 0.070370
0 0.281771 0.452315 0.009375 0.054630
0 0.310937 0.448611 0.009375 0.045370
0 0.312760 0.443056 0.008854 0.045370
0 0.311719 0.443981 0.009896 0.045370
0 0.538021 0.453704 0.013542 0.072222
0 0.586719 0.462037 0.018229 0.092593
