0 0.489323 0.577778 0.069271 0.357407
0 0.557292 0.499537 0.019792 0.099074
0 0.575781 0.500463 0.019271 0.104630
0 0.595833 0.462500 0.019792 0.091667
0 0.524740 0.457407 0.018229 0.090741
0 0.581771 0.455093 0.019792 0.100926
0 0.513281 0.462963 0.018229 0.105556
0 0.414062 0.646759 0.089583 0.536111
0 0.576302 0.563426 0.085938 0.300926
0 0.411458 0.594907 0.066667 0.349074
0 0.240104 0.481481 0.020833 0.100000
0 0.276042 0.471296 0.016667 0.100000
0 0.259115 0.472685 0.016146 0.095370
0 0.225000 0.481944 0.023958 0.095370
0 0.251042 0.462500 0.015625 0.076852
0 0.323177 0.497685 0.027604 0.156481
0 0.595833 0.531481 0.055208 0.268519
0 0.635417 0.461111 0.019792 0.090741
0 0.545052 0.465278 0.024479 0.106481
0 0.383073 0.451389 0.009896 0.062037
0 0.390625 0.449074 0.010417 0.064815
0 0.311719 0.448611 0.009896 0.056481
0 0.267708 0.466667 0.010417 0.075926
0 0.315365 0.455093 0.013021 0.058333
0 0.301042 0.456481 0.010417 0.057407
0 0.291146 0.451852 0.012500 0.061111
0 0.322135 0.454167 0.011979 0.052778
0 0.310417 0.450926 0.011458 0.059259
0 0.277344 0.453704 0.015104 0.059259
0 0.516927 0.457870 0.017188 0.091667
0 0.310417 0.414352 0.010417 0.039815
0 0.315625 0.411111 0.009375 0.038889
0 0.283854 0.446296 0.011458 0.050000
