0 0.377083 0.552315 0.051042 0.291667
0 0.557813 0.498148 0.019792 0.101852
0 0.575781 0.500463 0.018229 0.104630
0 0.656250 0.458796 0.019792 0.091667
0 0.533594 0.457407 0.019271 0.092593
0 0.579427 0.455556 0.020313 0.100000
0 0.498437 0.456481 0.021875 0.105556
0 0.325000 0.582870 0.068750 0.347222
0 0.425521 0.533796 0.045833 0.226852
0 0.314844 0.558333 0.055729 0.287037
0 0.268490 0.480556 0.017188 0.094444
0 0.267448 0.470370 0.016146 0.096296
0 0.239583 0.480556 0.021875 0.094444
0 0.239063 0.462500 0.018750 0.076852
0 0.319010 0.484259 0.022396 0.125926
0 0.431510 0.511111 0.041146 0.203704
0 0.576823 0.455556 0.016146 0.074074
0 0.402344 0.474074 0.019271 0.111111
0 0.320573 0.459259 0.013021 0.064815
0 0.298438 0.454167 0.012500 0.067593
0 0.320573 0.455093 0.011979 0.065741
0 0.284115 0.454630 0.014063 0.064815
0 0.309375 0.410648 0.010417 0.039815
0 0.315104 0.411111 0.009375 0.038889
0 0.524479 0.452315 0.012500 0.063889
0 0.511198 0.458796 0.010937 0.039815
0 0.417187 0.459259 0.016667 0.087037
0 0.292969 0.447222 0.010937 0.051852
