0 0.634635 0.356944 0.031771 0.141667
0 0.463542 0.350926 0.030208 0.144444
0 0.223177 0.440278 0.100521 0.449074
0 0.973177 0.650463 0.052604 0.697222
0 0.231250 0.390741 0.078125 0.312963
0 0.502083 0.350926 0.029167 0.133333
0 0.555208 0.330093 0.014583 0.058333
0 0.603125 0.362037 0.029167 0.166667
0 0.324740 0.337500 0.021354 0.100926
0 0.607812 0.357870 0.026042 0.154630
0 0.722396 0.354630 0.019792 0.112963
0 0.249219 0.347222 0.023438 0.124074
0 0.227083 0.348148 0.022917 0.120370
0 0.512240 0.326852 0.014063 0.055556
0 0.308854 0.358796 0.021875 0.136111
0 0.003646 0.363889 0.007292 0.146296
0 0.524479 0.326389 0.009375 0.037963
0 0.396615 0.330556 0.015104 0.066667
0 0.372656 0.325926 0.015104 0.074074
0 0.360417 0.326389 0.012500 0.060185
0 0.372396 0.318981 0.011458 0.058333
