0 0.764062 0.637037 0.117708 0.520370
0 0.589063 0.473148 0.018750 0.144444
0 0.576302 0.485648 0.022396 0.132407
0 0.495052 0.447222 0.014063 0.066667
0 0.545833 0.460185 0.019792 0.100000
0 0.519531 0.459259 0.018229 0.090741
0 0.799740 0.677778 0.140104 0.642593
0 0.685677 0.661574 0.111979 0.541667
0 0.211979 0.481481 0.026042 0.105556
0 0.229687 0.472685 0.017708 0.100926
0 0.227604 0.473148 0.015625 0.100000
0 0.227344 0.480093 0.022396 0.093519
0 0.227344 0.462500 0.017188 0.076852
0 0.464583 0.517593 0.041667 0.277778
0 0.525521 0.512500 0.050000 0.230556
0 0.458594 0.540278 0.069271 0.265741
0 0.370833 0.525463 0.060417 0.247222
0 0.889844 0.581019 0.076563 0.412037
0 0.389844 0.473611 0.022396 0.121296
0 0.623437 0.455556 0.017708 0.075926
0 0.572396 0.458333 0.015625 0.087037
0 0.562500 0.456481 0.017708 0.088889
0 0.338021 0.461111 0.016667 0.079630
0 0.385677 0.457407 0.014063 0.079630
0 0.304167 0.456944 0.016667 0.073148
0 0.286198 0.460185 0.014063 0.068519
0 0.246354 0.461111 0.013542 0.070370
0 0.284375 0.455093 0.009375 0.056481
0 0.311458 0.449537 0.009375 0.045370
0 0.307812 0.443056 0.009375 0.043519
0 0.311719 0.443981 0.009896 0.045370
0 0.296615 0.432407 0.006771 0.029630
0 0.302865 0.429630 0.006771 0.029630
0 0.538021 0.451389 0.014583 0.065741
0 0.576823 0.460185 0.018229 0.090741
