0 0.461719 0.355093 0.093229 0.432407
0 0.547396 0.349537 0.086458 0.484259
0 0.106510 0.499537 0.213021 0.999074
0 0.320312 0.499537 0.226042 0.999074
0 0.369792 0.336111 0.085417 0.420370
0 0.400260 0.331944 0.056771 0.300926
0 0.633333 0.348611 0.052083 0.315741
0 0.918490 0.509722 0.161979 0.978704
0 0.735938 0.315278 0.018750 0.110185
0 0.715104 0.314352 0.013542 0.084259
0 0.696094 0.307407 0.018229 0.075926
0 0.849219 0.310648 0.017188 0.095370
0 0.934375 0.312500 0.018750 0.110185
0 0.763802 0.308796 0.013021 0.058333
