0 0.958594 0.588889 0.081771 0.459259
0 0.346875 0.537037 0.045833 0.253704
0 0.558594 0.498148 0.019271 0.101852
0 0.576042 0.500926 0.016667 0.105556
0 0.664844 0.460185 0.017188 0.092593
0 0.535417 0.462037 0.020833 0.107407
0 0.581771 0.457407 0.019792 0.100000
0 0.494531 0.455556 0.022396 0.105556
0 0.279427 0.553704 0.058854 0.294444
0 0.367969 0.519444 0.038021 0.190741
0 0.788542 0.457870 0.029167 0.119444
0 0.283333 0.543981 0.045833 0.247222
0 0.294010 0.471296 0.018229 0.087037
0 0.265625 0.469444 0.014583 0.094444
0 0.228385 0.463889 0.020313 0.077778
0 0.313542 0.483333 0.020833 0.124074
0 0.539062 0.456019 0.016667 0.071296
0 0.346094 0.479167 0.019271 0.113889
0 0.324479 0.462037 0.013542 0.068519
0 0.306250 0.412500 0.010417 0.039815
0 0.314583 0.411111 0.009375 0.038889
0 0.541146 0.448611 0.012500 0.063889
0 0.383073 0.458333 0.017188 0.088889
