0 0.873958 0.654630 0.110417 0.548148
0 0.590104 0.471296 0.018750 0.144444
0 0.579167 0.478704 0.025000 0.122222
0 0.509896 0.452315 0.016667 0.078704
0 0.535417 0.464815 0.019792 0.100000
0 0.508073 0.460185 0.018229 0.090741
0 0.939844 0.671296 0.119271 0.655556
0 0.817187 0.685185 0.114583 0.601852
0 0.211719 0.481019 0.025521 0.104630
0 0.229687 0.472685 0.016667 0.099074
0 0.227865 0.473148 0.015104 0.100000
0 0.227865 0.480093 0.022396 0.093519
0 0.229167 0.462500 0.017708 0.076852
0 0.507292 0.517130 0.054167 0.273148
0 0.594271 0.514352 0.044792 0.223148
0 0.558594 0.541667 0.063021 0.255556
0 0.451562 0.520370 0.066667 0.237037
0 0.355729 0.471759 0.020833 0.108333
0 0.623437 0.453241 0.016667 0.080556
0 0.612760 0.463426 0.020313 0.089815
0 0.600521 0.456944 0.018750 0.095370
0 0.346875 0.464352 0.015625 0.087963
0 0.380990 0.458796 0.016146 0.086111
0 0.307812 0.459722 0.017708 0.075000
0 0.290365 0.462037 0.014063 0.070370
0 0.242969 0.461574 0.013021 0.067593
0 0.286198 0.456481 0.009896 0.061111
0 0.308594 0.435185 0.009896 0.042593
0 0.311719 0.443981 0.009896 0.045370
0 0.295573 0.425926 0.006771 0.029630
0 0.302344 0.424074 0.006771 0.029630
0 0.392708 0.445370 0.013542 0.055556
0 0.557552 0.458333 0.017188 0.088889
