0 0.619531 0.612963 0.088021 0.462963
0 0.576302 0.484722 0.022396 0.125000
0 0.575521 0.499537 0.022917 0.102778
0 0.492708 0.449074 0.013542 0.064815
0 0.580729 0.455093 0.019792 0.102778
0 0.527344 0.458796 0.018229 0.095370
0 0.605990 0.653704 0.099479 0.561111
0 0.548438 0.629630 0.067708 0.477778
0 0.210938 0.482407 0.027083 0.103704
0 0.246094 0.472222 0.019271 0.101852
0 0.227083 0.473148 0.015625 0.100000
0 0.225781 0.481019 0.022396 0.095370
0 0.223958 0.464352 0.016667 0.076852
0 0.380208 0.530556 0.072917 0.307407
0 0.311458 0.535185 0.059375 0.264815
0 0.268490 0.560648 0.081771 0.302778
0 0.174219 0.555556 0.054688 0.314815
0 0.622135 0.532407 0.051562 0.257407
0 0.470052 0.484259 0.030729 0.161111
0 0.651302 0.457407 0.018229 0.088889
0 0.515885 0.455556 0.014063 0.072222
0 0.504948 0.451852 0.013021 0.072222
0 0.331250 0.458796 0.014583 0.071296
0 0.380469 0.451389 0.013021 0.065741
0 0.287760 0.454167 0.013021 0.065741
0 0.276562 0.456019 0.012500 0.062037
0 0.259635 0.462037 0.013021 0.075926
0 0.280990 0.450000 0.009896 0.050000
0 0.309375 0.448611 0.009375 0.047222
0 0.300781 0.449537 0.008854 0.050926
0 0.314583 0.445833 0.009375 0.049074
0 0.310937 0.444444 0.010417 0.048148
0 0.289583 0.448148 0.009375 0.051852
0 0.536198 0.453241 0.013021 0.067593
0 0.586719 0.462037 0.018229 0.092593
