0 0.404427 0.560185 0.061979 0.311111
0 0.557552 0.498148 0.020313 0.101852
0 0.575781 0.500463 0.018229 0.104630
0 0.633854 0.459722 0.019792 0.091667
0 0.531250 0.457870 0.018750 0.091667
0 0.578385 0.455556 0.020313 0.100000
0 0.509115 0.456944 0.018229 0.104630
0 0.325260 0.613889 0.076563 0.420370
0 0.456510 0.546759 0.044271 0.256481
0 0.345313 0.573148 0.063542 0.316667
0 0.256250 0.481481 0.019792 0.101852
0 0.269792 0.469907 0.017708 0.097222
0 0.223438 0.480556 0.032292 0.094444
0 0.253385 0.462500 0.016146 0.076852
0 0.315104 0.487963 0.022917 0.131481
0 0.479948 0.515741 0.039062 0.225926
0 0.595573 0.462963 0.018229 0.083333
0 0.451302 0.467593 0.025521 0.116667
0 0.307031 0.449537 0.009896 0.056481
0 0.318750 0.457407 0.013542 0.062963
0 0.307031 0.458796 0.010937 0.062037
0 0.295833 0.454167 0.012500 0.067593
0 0.317188 0.454167 0.011458 0.063889
0 0.278646 0.453704 0.015625 0.062963
0 0.489583 0.451389 0.015625 0.086111
0 0.309896 0.410648 0.010417 0.039815
0 0.315104 0.411111 0.009375 0.038889
0 0.506510 0.450463 0.011979 0.065741
0 0.424740 0.462500 0.021354 0.065741
0 0.289062 0.445370 0.011458 0.050000
