0 0.619792 0.610648 0.086458 0.476852
0 0.572917 0.486574 0.021875 0.119444
0 0.575781 0.499537 0.022396 0.102778
0 0.494792 0.448611 0.013542 0.065741
0 0.582812 0.455093 0.019792 0.102778
0 0.525521 0.460648 0.018750 0.097222
0 0.615104 0.654630 0.110417 0.559259
0 0.544010 0.629167 0.068229 0.476852
0 0.210417 0.481481 0.027083 0.103704
0 0.250000 0.471759 0.017708 0.100926
0 0.227604 0.472222 0.015625 0.100000
0 0.225781 0.481019 0.022396 0.095370
0 0.223438 0.464352 0.016667 0.076852
0 0.367188 0.536111 0.069792 0.314815
0 0.275000 0.539352 0.054167 0.273148
0 0.218229 0.570370 0.070833 0.311111
0 0.125781 0.573148 0.108854 0.329630
0 0.593229 0.529167 0.050000 0.252778
0 0.483594 0.487500 0.029687 0.163889
0 0.657031 0.457407 0.018229 0.088889
0 0.509896 0.456481 0.013542 0.072222
0 0.497396 0.451852 0.013542 0.070370
0 0.331250 0.455556 0.014583 0.066667
0 0.378906 0.450926 0.013021 0.064815
0 0.285938 0.453704 0.012500 0.064815
0 0.275000 0.456019 0.012500 0.062037
0 0.262240 0.462037 0.013021 0.075926
0 0.280990 0.450463 0.009896 0.049074
0 0.309115 0.448611 0.009896 0.047222
0 0.300260 0.449537 0.008854 0.050926
0 0.315104 0.446759 0.009375 0.049074
0 0.310677 0.444907 0.009896 0.049074
0 0.291146 0.448148 0.009375 0.051852
0 0.535937 0.453704 0.013542 0.068519
0 0.586719 0.462037 0.018229 0.092593
