0 0.635938 0.495833 0.140625 0.554167
0 0.566406 0.470833 0.060937 0.241667
0 0.062500 0.462500 0.053125 0.200000
0 0.153125 0.456250 0.068750 0.245833
0 0.043750 0.479167 0.075000 0.295833
0 0.214844 0.477083 0.132812 0.470833
0 0.528906 0.457292 0.035937 0.131250
0 0.689063 0.513542 0.271875 0.947917
0 0.845313 0.513542 0.240625 0.860417
0 0.353906 0.481250 0.104688 0.470833
0 0.117188 0.463542 0.062500 0.214583
0 0.200000 0.463542 0.068750 0.214583
0 0.882812 0.498958 0.231250 0.997917
0 0.439063 0.503125 0.150000 0.547917
