0 0.658594 0.614815 0.089063 0.481481
0 0.584635 0.478704 0.023438 0.137037
0 0.575521 0.499537 0.022917 0.102778
0 0.488802 0.446759 0.013021 0.060185
0 0.590104 0.664815 0.205208 0.668519
0 0.570312 0.455556 0.019792 0.101852
0 0.527344 0.458796 0.018229 0.093519
0 0.640365 0.681944 0.118229 0.621296
0 0.573438 0.634259 0.077083 0.487037
0 0.210156 0.481481 0.026562 0.105556
0 0.233854 0.473148 0.017708 0.101852
0 0.227083 0.473148 0.015625 0.100000
0 0.226302 0.480556 0.022396 0.094444
0 0.225260 0.463426 0.017188 0.076852
0 0.432031 0.519444 0.044271 0.281481
0 0.405208 0.530556 0.067708 0.248148
0 0.332552 0.550926 0.064062 0.288889
0 0.264844 0.543981 0.061979 0.286111
0 0.712500 0.546759 0.091667 0.302778
0 0.435677 0.479630 0.026562 0.142593
0 0.640885 0.456944 0.018229 0.084259
0 0.532292 0.456944 0.016667 0.075000
0 0.520573 0.452315 0.013021 0.071296
0 0.331510 0.460648 0.015104 0.073148
0 0.383854 0.453241 0.013542 0.069444
0 0.293490 0.455093 0.013021 0.067593
0 0.278385 0.457407 0.013021 0.062963
0 0.253906 0.461574 0.013021 0.071296
0 0.281510 0.450926 0.009896 0.051852
0 0.310937 0.447685 0.009375 0.045370
0 0.314323 0.443056 0.008854 0.045370
0 0.311719 0.443981 0.009896 0.045370
0 0.538021 0.454167 0.012500 0.071296
0 0.586719 0.462037 0.018229 0.092593
