0 0.630729 0.614815 0.089583 0.468519
0 0.578385 0.483333 0.022396 0.127778
0 0.575521 0.499537 0.022917 0.102778
0 0.491667 0.449074 0.013542 0.064815
0 0.579427 0.455093 0.020313 0.102778
0 0.527344 0.458796 0.018229 0.095370
0 0.598437 0.654167 0.100000 0.565741
0 0.551823 0.631481 0.072396 0.481481
0 0.210677 0.482870 0.026562 0.104630
0 0.244010 0.472685 0.020313 0.102778
0 0.227083 0.473148 0.015625 0.100000
0 0.226302 0.481019 0.022396 0.095370
0 0.224479 0.463426 0.016667 0.076852
0 0.396354 0.527315 0.059375 0.300926
0 0.340104 0.533333 0.054167 0.259259
0 0.277865 0.559259 0.073438 0.301852
0 0.201042 0.555093 0.093750 0.306481
0 0.646094 0.537963 0.054688 0.268519
0 0.457813 0.482407 0.029167 0.157407
0 0.648177 0.457870 0.018229 0.087963
0 0.520312 0.455556 0.014583 0.072222
0 0.509115 0.451389 0.013021 0.071296
0 0.331250 0.458796 0.014583 0.071296
0 0.381250 0.451852 0.012500 0.066667
0 0.288802 0.454630 0.013021 0.066667
0 0.276562 0.456019 0.012500 0.062037
0 0.258073 0.462037 0.013021 0.075926
0 0.280990 0.450000 0.009896 0.050000
0 0.309896 0.448148 0.009375 0.046296
0 0.300781 0.449537 0.008854 0.050926
0 0.314583 0.445370 0.009375 0.048148
0 0.311198 0.443981 0.009896 0.047222
0 0.536458 0.453704 0.013542 0.068519
0 0.586719 0.462037 0.018229 0.092593
