0 0.510677 0.587963 0.066146 0.385185
0 0.557552 0.500463 0.020313 0.097222
0 0.575781 0.500000 0.020313 0.103704
0 0.591667 0.462500 0.019792 0.091667
0 0.522396 0.456019 0.017708 0.086111
0 0.581771 0.455093 0.019792 0.100926
0 0.514323 0.463889 0.018229 0.105556
0 0.468229 0.649074 0.146875 0.542593
0 0.616146 0.571296 0.066667 0.322222
0 0.422656 0.602778 0.066146 0.398148
0 0.232552 0.481481 0.024479 0.101852
0 0.276302 0.469907 0.017188 0.100926
0 0.257031 0.471759 0.016146 0.095370
0 0.225260 0.482407 0.024479 0.092593
0 0.251563 0.463889 0.015625 0.075926
0 0.333854 0.500000 0.027083 0.168519
0 0.633073 0.540741 0.054688 0.288889
0 0.649219 0.462037 0.023438 0.092593
0 0.561719 0.472685 0.021354 0.121296
0 0.390885 0.451389 0.009896 0.062037
0 0.399219 0.450463 0.009896 0.067593
0 0.314583 0.449074 0.010417 0.055556
0 0.318750 0.450926 0.009375 0.055556
0 0.267448 0.466667 0.010937 0.075926
0 0.314323 0.454630 0.010937 0.057407
0 0.300781 0.456481 0.009896 0.057407
0 0.292448 0.451389 0.011979 0.060185
0 0.320573 0.453241 0.011979 0.052778
0 0.308333 0.450926 0.011458 0.059259
0 0.278125 0.453241 0.014583 0.058333
0 0.520312 0.457407 0.016667 0.088889
0 0.311458 0.417130 0.010417 0.039815
0 0.316667 0.413889 0.009375 0.038889
0 0.281771 0.446296 0.011458 0.050000
