0 0.844792 0.654630 0.048958 0.214815
0 0.266667 0.050926 0.031250 0.101852
0 0.311979 0.609722 0.037500 0.223148
0 0.914323 0.518981 0.048438 0.193519
0 0.522917 0.935648 0.039583 0.126852
0 0.351042 0.816667 0.036458 0.231481
0 0.433594 0.213426 0.033854 0.156481
0 0.513802 0.024074 0.025521 0.048148
0 0.486458 0.024074 0.027083 0.048148
0 0.333854 0.126852 0.019792 0.131481
0 0.143750 0.317130 0.031250 0.171296
0 0.111198 0.312500 0.040104 0.184259
0 0.605469 0.922222 0.053646 0.153704
0 0.641406 0.928241 0.050521 0.141667
0 0.403125 0.145370 0.021875 0.140741
0 0.415625 0.124537 0.027083 0.160185
0 0.297656 0.041204 0.022396 0.082407
0 0.270573 0.151852 0.023438 0.144444
0 0.150000 0.979167 0.043750 0.039815
0 0.193750 0.951852 0.052083 0.094444
0 0.302344 0.183796 0.027604 0.163889
0 0.158854 0.076389 0.030208 0.145370
0 0.200521 0.183333 0.026042 0.159259
0 0.163021 0.193056 0.025000 0.156481
0 0.199219 0.166204 0.024479 0.158333
0 0.131771 0.198611 0.027083 0.147222
0 0.119010 0.181019 0.026562 0.167593
0 0.152604 0.166204 0.029167 0.162037
0 0.157812 0.143519 0.027083 0.151852
0 0.118229 0.174074 0.020833 0.159259
0 0.467969 0.039352 0.025521 0.078704
0 0.199740 0.366204 0.032813 0.186111
0 0.267448 0.103704 0.031771 0.161111
0 0.826042 0.965278 0.043750 0.067593
0 0.780729 0.975000 0.039583 0.048148
0 0.865625 0.281944 0.041667 0.175000
0 0.815365 0.265278 0.027604 0.165741
0 0.786458 0.070370 0.030208 0.131481
0 0.844531 0.043056 0.027604 0.086111
0 0.800781 0.040278 0.026562 0.080556
0 0.244792 0.154167 0.023958 0.154630
0 0.225781 0.164815 0.024479 0.140741
0 0.193229 0.044907 0.025000 0.089815
0 0.233854 0.058796 0.030208 0.117593
0 0.197135 0.054167 0.026562 0.108333
0 0.240885 0.045370 0.023438 0.090741
