0 0.623437 0.610648 0.088542 0.475000
0 0.561198 0.494907 0.021354 0.102778
0 0.575521 0.499537 0.021875 0.102778
0 0.500260 0.450000 0.014063 0.070370
0 0.583594 0.455556 0.020313 0.101852
0 0.523958 0.463889 0.018750 0.100000
0 0.611719 0.656019 0.106771 0.562037
0 0.519010 0.630556 0.073438 0.475926
0 0.208854 0.481481 0.025000 0.103704
0 0.258333 0.471296 0.017708 0.101852
0 0.230208 0.472222 0.015625 0.100000
0 0.225521 0.481019 0.022917 0.095370
0 0.222135 0.464352 0.016146 0.076852
0 0.258854 0.559259 0.101042 0.359259
0 0.122135 0.556019 0.071354 0.300926
0 0.057813 0.605556 0.115625 0.383333
0 0.527865 0.516667 0.045312 0.216667
0 0.555990 0.499074 0.041146 0.196296
0 0.811458 0.455093 0.023958 0.100926
0 0.655990 0.461111 0.022396 0.096296
0 0.489844 0.450926 0.011979 0.064815
0 0.466667 0.449074 0.013542 0.070370
0 0.334115 0.456481 0.014063 0.064815
0 0.369271 0.450000 0.011458 0.059259
0 0.277604 0.453704 0.012500 0.059259
0 0.266927 0.462963 0.013021 0.075926
0 0.280990 0.450463 0.008854 0.047222
0 0.308854 0.451389 0.010417 0.052778
0 0.297917 0.451852 0.009375 0.053704
0 0.297396 0.446759 0.009375 0.054630
0 0.316146 0.447222 0.010417 0.048148
0 0.309375 0.446296 0.010417 0.051852
0 0.289323 0.450000 0.009896 0.053704
0 0.534896 0.454630 0.014583 0.070370
0 0.591406 0.461574 0.019271 0.091667
