0 0.974219 0.587037 0.050521 0.461111
0 0.347656 0.538889 0.046354 0.255556
0 0.558594 0.498148 0.019271 0.101852
0 0.576042 0.500926 0.016667 0.105556
0 0.665365 0.460185 0.017188 0.092593
0 0.534375 0.462037 0.020833 0.107407
0 0.581250 0.456481 0.019792 0.100000
0 0.494531 0.455556 0.022396 0.105556
0 0.282031 0.554167 0.063021 0.297222
0 0.373437 0.521296 0.038542 0.194444
0 0.798698 0.457407 0.027604 0.118519
0 0.283333 0.545370 0.045833 0.253704
0 0.291927 0.471296 0.018229 0.087037
0 0.265625 0.469907 0.014583 0.095370
0 0.228646 0.463889 0.019792 0.077778
0 0.313802 0.483333 0.020313 0.124074
0 0.542708 0.456019 0.016667 0.071296
0 0.348698 0.480556 0.019271 0.116667
0 0.323958 0.461574 0.013542 0.069444
0 0.304427 0.454167 0.011979 0.067593
0 0.327344 0.457870 0.011979 0.071296
0 0.306250 0.412500 0.010417 0.039815
0 0.314583 0.411111 0.009375 0.038889
0 0.540625 0.448611 0.012500 0.063889
0 0.386719 0.458333 0.017188 0.088889
