0 0.613281 0.367593 0.031771 0.133333
0 0.445312 0.367130 0.030208 0.163889
0 0.123177 0.514352 0.160938 0.554630
0 0.489583 0.364815 0.029167 0.144444
0 0.609115 0.345833 0.018229 0.082407
0 0.705469 0.398611 0.043229 0.299074
0 0.366146 0.358333 0.019792 0.100000
0 0.693490 0.394907 0.043229 0.265741
0 0.538021 0.340278 0.014583 0.060185
0 0.195833 0.414352 0.032292 0.243519
0 0.179948 0.349074 0.022396 0.098148
0 0.163281 0.342130 0.014063 0.063889
0 0.173698 0.335648 0.014063 0.073148
0 0.561458 0.337500 0.009375 0.045370
0 0.546875 0.335648 0.011458 0.050926
0 0.330469 0.346759 0.017188 0.065741
0 0.382292 0.341204 0.012500 0.060185
0 0.394271 0.340278 0.011458 0.058333
