0 0.702083 0.637037 0.094792 0.509259
0 0.589063 0.475000 0.020833 0.144444
0 0.575521 0.496296 0.021875 0.109259
0 0.486719 0.444907 0.013021 0.058333
0 0.131771 0.674074 0.216667 0.650000
0 0.556771 0.456944 0.019792 0.100926
0 0.527344 0.458796 0.018229 0.091667
0 0.716406 0.683333 0.100521 0.627778
0 0.630729 0.658796 0.078125 0.536111
0 0.210677 0.481481 0.026562 0.105556
0 0.231510 0.473611 0.018229 0.100926
0 0.227344 0.473148 0.015104 0.100000
0 0.226823 0.480556 0.022396 0.094444
0 0.226302 0.463426 0.017188 0.076852
0 0.457031 0.517593 0.045312 0.279630
0 0.463021 0.517593 0.050000 0.238889
0 0.405990 0.541667 0.047396 0.275926
0 0.330729 0.529167 0.041667 0.254630
0 0.794010 0.561111 0.064062 0.353704
0 0.410938 0.476389 0.025000 0.130556
0 0.631771 0.456481 0.017708 0.079630
0 0.550521 0.459259 0.015625 0.081481
0 0.539844 0.453704 0.014063 0.077778
0 0.332292 0.461111 0.017708 0.077778
0 0.386719 0.455556 0.015104 0.074074
0 0.300521 0.454167 0.015625 0.069444
0 0.280990 0.458333 0.013021 0.064815
0 0.250260 0.462037 0.014063 0.070370
0 0.282031 0.453704 0.008854 0.057407
0 0.310937 0.448611 0.009375 0.045370
0 0.310937 0.443056 0.009375 0.045370
0 0.311719 0.443981 0.009896 0.045370
0 0.536979 0.453704 0.014583 0.072222
