0 0.421094 0.563889 0.058854 0.322222
0 0.557552 0.498148 0.020313 0.101852
0 0.576042 0.500463 0.018750 0.104630
0 0.623958 0.460648 0.019792 0.091667
0 0.529687 0.457870 0.018750 0.091667
0 0.578906 0.455093 0.020313 0.100926
0 0.511198 0.458796 0.018229 0.104630
0 0.329427 0.609722 0.100521 0.437963
0 0.477344 0.546296 0.059896 0.266667
0 0.361198 0.578704 0.060937 0.329630
0 0.253385 0.480556 0.016146 0.100000
0 0.272135 0.470833 0.018229 0.097222
0 0.261458 0.471759 0.015625 0.095370
0 0.224479 0.481481 0.030208 0.094444
0 0.252865 0.462500 0.016146 0.076852
0 0.312500 0.489815 0.022917 0.133333
0 0.502344 0.523148 0.036979 0.237037
0 0.602083 0.462500 0.016667 0.082407
0 0.475521 0.465741 0.018750 0.114815
0 0.308073 0.449537 0.009896 0.056481
0 0.317969 0.456944 0.013021 0.062037
0 0.303906 0.458796 0.010937 0.062037
0 0.293750 0.454167 0.013542 0.067593
0 0.315885 0.453241 0.011979 0.062037
0 0.277604 0.454167 0.015625 0.062037
0 0.496094 0.452778 0.016146 0.088889
0 0.309896 0.411574 0.010417 0.039815
0 0.315625 0.411111 0.009375 0.038889
0 0.503906 0.453241 0.011979 0.065741
0 0.288021 0.445370 0.011458 0.050000
