0 0.349479 0.543981 0.051042 0.273148
0 0.558333 0.498148 0.019792 0.101852
0 0.576042 0.500926 0.017708 0.105556
0 0.665365 0.460185 0.017188 0.092593
0 0.533073 0.460185 0.020313 0.101852
0 0.580469 0.456481 0.020313 0.100000
0 0.494010 0.455556 0.022396 0.105556
0 0.311979 0.565741 0.057292 0.311111
0 0.399740 0.526852 0.048438 0.209259
0 0.295833 0.551389 0.048958 0.271296
0 0.279427 0.474537 0.018229 0.086111
0 0.266406 0.470370 0.015104 0.096296
0 0.251823 0.478241 0.019271 0.093519
0 0.230208 0.462500 0.018750 0.076852
0 0.316406 0.483796 0.021354 0.125000
0 0.389062 0.509722 0.032292 0.186111
0 0.558333 0.456019 0.016667 0.071296
0 0.365625 0.479630 0.019792 0.116667
0 0.322396 0.460648 0.013542 0.067593
0 0.301563 0.455093 0.012500 0.069444
0 0.324219 0.456481 0.011979 0.068519
0 0.307812 0.411574 0.010417 0.039815
0 0.314583 0.411111 0.009375 0.038889
0 0.534896 0.449537 0.012500 0.063889
0 0.402865 0.460185 0.017188 0.088889
